1981 75
3199 4
26 5
1114 1
1203 1
2341 2
2255 5
824 1
465 1
485 1
2977 2
2431 5
2197 3
1665 2
940 1
3619 2
2427 3
2269 2
1374 4
2825 2
2984 2
2558 2
2422 5
1635 1
1493 3
37 2
3918 1
2269 2
3470 4
2686 3
1281 1
2144 4
1472 2
2863 2
3794 5
1773 2
3555 4
1070 5
63 1
1213 5
1528 2
2728 1
67 5
3910 3
1632 3
649 5
898 3
2971 4
3555 1
1917 5
3871 5
3180 5
371 2
1752 5
3306 3
2340 2
917 3
2629 4
3118 1
1575 3
1484 4
13 5
1718 1
1453 1
1520 5
1676 4
3410 3
1519 1
1105 1
213 3
2939 2
1946 4
674 2
1894 4
3463 1
540 1