Case 1: Yes
1 (23620,23818)
1 (44691,45112)
1 (9638,9988)
1 (13767,14099)
1 (14289,14757)
1 (24536,24893)
1 (19150,19596)
1 (445,728)
1 (5818,6132)
1 (8238,8261)
2 (388,647) (728,880)
1 (13595,13737)
1 (6578,6946)
1 (16015,16076)
Case 2: Yes
1 (23620,23818)
1 (44691,45112)
1 (9638,9988)
1 (13767,14099)
1 (14289,14757)
1 (24536,24893)
1 (19150,19596)
1 (445,728)
1 (5818,6132)
1 (8238,8261)
2 (388,647) (728,880)
1 (13595,13737)
1 (6578,6946)
1 (16015,16076)
Case 3: Yes
1 (23620,23818)
1 (44691,45112)
1 (9638,9988)
1 (13767,14099)
1 (14289,14757)
1 (24536,24893)
1 (19150,19596)
1 (445,728)
1 (5818,6132)
1 (8238,8261)
2 (388,647) (728,880)
1 (13595,13737)
1 (6578,6946)
1 (16015,16076)
Case 4: Yes
1 (23620,23818)
1 (44691,45112)
1 (9638,9988)
1 (13767,14099)
1 (14289,14757)
1 (24536,24893)
1 (19150,19596)
1 (445,728)
1 (5818,6132)
1 (8238,8261)
2 (388,647) (728,880)
1 (13595,13737)
1 (6578,6946)
1 (16015,16076)
Case 5: Yes
1 (23620,23818)
1 (44691,45112)
1 (9638,9988)
1 (13767,14099)
1 (14289,14757)
1 (24536,24893)
1 (19150,19596)
1 (445,728)
1 (5818,6132)
1 (8238,8261)
2 (388,647) (728,880)
1 (13595,13737)
1 (6578,6946)
1 (16015,16076)
Case 6: Yes
1 (23620,23818)
1 (44691,45112)
1 (9638,9988)
1 (13767,14099)
1 (14289,14757)
1 (24536,24893)
1 (19150,19596)
1 (445,728)
1 (5818,6132)
1 (8238,8261)
2 (388,647) (728,880)
1 (13595,13737)
1 (6578,6946)
1 (16015,16076)
Case 7: Yes
1 (23620,23818)
1 (44691,45112)
1 (9638,9988)
1 (13767,14099)
1 (14289,14757)
1 (24536,24893)
1 (19150,19596)
1 (445,728)
1 (5818,6132)
1 (8238,8261)
2 (388,647) (728,880)
1 (13595,13737)
1 (6578,6946)
1 (16015,16076)
Case 8: Yes
1 (23620,23818)
1 (44691,45112)
1 (9638,9988)
1 (13767,14099)
1 (14289,14757)
1 (24536,24893)
1 (19150,19596)
1 (445,728)
1 (5818,6132)
1 (8238,8261)
2 (388,647) (728,880)
1 (13595,13737)
1 (6578,6946)
1 (16015,16076)
Case 9: Yes
1 (23620,23818)
1 (44691,45112)
1 (9638,9988)
1 (13767,14099)
1 (14289,14757)
1 (24536,24893)
1 (19150,19596)
1 (445,728)
1 (5818,6132)
1 (8238,8261)
2 (388,647) (728,880)
1 (13595,13737)
1 (6578,6946)
1 (16015,16076)
Case 10: Yes
1 (23620,23818)
1 (44691,45112)
1 (9638,9988)
1 (13767,14099)
1 (14289,14757)
1 (24536,24893)
1 (19150,19596)
1 (445,728)
1 (5818,6132)
1 (8238,8261)
2 (388,647) (728,880)
1 (13595,13737)
1 (6578,6946)
1 (16015,16076)
Case 11: Yes
1 (23620,23818)
1 (44691,45112)
1 (9638,9988)
1 (13767,14099)
1 (14289,14757)
1 (24536,24893)
1 (19150,19596)
1 (445,728)
1 (5818,6132)
1 (8238,8261)
2 (388,647) (728,880)
1 (13595,13737)
1 (6578,6946)
1 (16015,16076)
Case 12: Yes
1 (23620,23818)
1 (44691,45112)
1 (9638,9988)
1 (13767,14099)
1 (14289,14757)
1 (24536,24893)
1 (19150,19596)
1 (445,728)
1 (5818,6132)
1 (8238,8261)
2 (388,647) (728,880)
1 (13595,13737)
1 (6578,6946)
1 (16015,16076)
Case 13: Yes
1 (23620,23818)
1 (44691,45112)
1 (9638,9988)
1 (13767,14099)
1 (14289,14757)
1 (24536,24893)
1 (19150,19596)
1 (445,728)
1 (5818,6132)
1 (8238,8261)
2 (388,647) (728,880)
1 (13595,13737)
1 (6578,6946)
1 (16015,16076)
Case 14: Yes
1 (23620,23818)
1 (44691,45112)
1 (9638,9988)
1 (13767,14099)
1 (14289,14757)
1 (24536,24893)
1 (19150,19596)
1 (445,728)
1 (5818,6132)
1 (8238,8261)
2 (388,647) (728,880)
1 (13595,13737)
1 (6578,6946)
1 (16015,16076)
Case 15: Yes
1 (23620,23818)
1 (44691,45112)
1 (9638,9988)
1 (13767,14099)
1 (14289,14757)
1 (24536,24893)
1 (19150,19596)
1 (445,728)
1 (5818,6132)
1 (8238,8261)
2 (388,647) (728,880)
1 (13595,13737)
1 (6578,6946)
1 (16015,16076)
Case 16: Yes
1 (23620,23818)
1 (44691,45112)
1 (9638,9988)
1 (13767,14099)
1 (14289,14757)
1 (24536,24893)
1 (19150,19596)
1 (445,728)
1 (5818,6132)
1 (8238,8261)
2 (388,647) (728,880)
1 (13595,13737)
1 (6578,6946)
1 (16015,16076)
Case 17: Yes
1 (23620,23818)
1 (44691,45112)
1 (9638,9988)
1 (13767,14099)
1 (14289,14757)
1 (24536,24893)
1 (19150,19596)
1 (445,728)
1 (5818,6132)
1 (8238,8261)
2 (388,647) (728,880)
1 (13595,13737)
1 (6578,6946)
1 (16015,16076)
Case 18: Yes
1 (23620,23818)
1 (44691,45112)
1 (9638,9988)
1 (13767,14099)
1 (14289,14757)
1 (24536,24893)
1 (19150,19596)
1 (445,728)
1 (5818,6132)
1 (8238,8261)
2 (388,647) (728,880)
1 (13595,13737)
1 (6578,6946)
1 (16015,16076)
Case 19: Yes
1 (23620,23818)
1 (44691,45112)
1 (9638,9988)
1 (13767,14099)
1 (14289,14757)
1 (24536,24893)
1 (19150,19596)
1 (445,728)
1 (5818,6132)
1 (8238,8261)
2 (388,647) (728,880)
1 (13595,13737)
1 (6578,6946)
1 (16015,16076)
Case 20: Yes
1 (23620,23818)
1 (44691,45112)
1 (9638,9988)
1 (13767,14099)
1 (14289,14757)
1 (24536,24893)
1 (19150,19596)
1 (445,728)
1 (5818,6132)
1 (8238,8261)
2 (388,647) (728,880)
1 (13595,13737)
1 (6578,6946)
1 (16015,16076)
Case 21: Yes
1 (23620,23818)
1 (44691,45112)
1 (9638,9988)
1 (13767,14099)
1 (14289,14757)
1 (24536,24893)
1 (19150,19596)
1 (445,728)
1 (5818,6132)
1 (8238,8261)
2 (388,647) (728,880)
1 (13595,13737)
1 (6578,6946)
1 (16015,16076)
Case 22: Yes
1 (23620,23818)
1 (44691,45112)
1 (9638,9988)
1 (13767,14099)
1 (14289,14757)
1 (24536,24893)
1 (19150,19596)
1 (445,728)
1 (5818,6132)
1 (8238,8261)
2 (388,647) (728,880)
1 (13595,13737)
1 (6578,6946)
1 (16015,16076)
Case 23: Yes
1 (23620,23818)
1 (44691,45112)
1 (9638,9988)
1 (13767,14099)
1 (14289,14757)
1 (24536,24893)
1 (19150,19596)
1 (445,728)
1 (5818,6132)
1 (8238,8261)
2 (388,647) (728,880)
1 (13595,13737)
1 (6578,6946)
1 (16015,16076)
Case 24: Yes
1 (23620,23818)
1 (44691,45112)
1 (9638,9988)
1 (13767,14099)
1 (14289,14757)
1 (24536,24893)
1 (19150,19596)
1 (445,728)
1 (5818,6132)
1 (8238,8261)
2 (388,647) (728,880)
1 (13595,13737)
1 (6578,6946)
1 (16015,16076)
Case 25: Yes
1 (23620,23818)
1 (44691,45112)
1 (9638,9988)
1 (13767,14099)
1 (14289,14757)
1 (24536,24893)
1 (19150,19596)
1 (445,728)
1 (5818,6132)
1 (8238,8261)
2 (388,647) (728,880)
1 (13595,13737)
1 (6578,6946)
1 (16015,16076)
Case 26: Yes
1 (23620,23818)
1 (44691,45112)
1 (9638,9988)
1 (13767,14099)
1 (14289,14757)
1 (24536,24893)
1 (19150,19596)
1 (445,728)
1 (5818,6132)
1 (8238,8261)
2 (388,647) (728,880)
1 (13595,13737)
1 (6578,6946)
1 (16015,16076)
Case 27: Yes
1 (23620,23818)
1 (44691,45112)
1 (9638,9988)
1 (13767,14099)
1 (14289,14757)
1 (24536,24893)
1 (19150,19596)
1 (445,728)
1 (5818,6132)
1 (8238,8261)
2 (388,647) (728,880)
1 (13595,13737)
1 (6578,6946)
1 (16015,16076)
Case 28: Yes
1 (23620,23818)
1 (44691,45112)
1 (9638,9988)
1 (13767,14099)
1 (14289,14757)
1 (24536,24893)
1 (19150,19596)
1 (445,728)
1 (5818,6132)
1 (8238,8261)
2 (388,647) (728,880)
1 (13595,13737)
1 (6578,6946)
1 (16015,16076)
Case 29: Yes
1 (23620,23818)
1 (44691,45112)
1 (9638,9988)
1 (13767,14099)
1 (14289,14757)
1 (24536,24893)
1 (19150,19596)
1 (445,728)
1 (5818,6132)
1 (8238,8261)
2 (388,647) (728,880)
1 (13595,13737)
1 (6578,6946)
1 (16015,16076)
Case 30: Yes
1 (23620,23818)
1 (44691,45112)
1 (9638,9988)
1 (13767,14099)
1 (14289,14757)
1 (24536,24893)
1 (19150,19596)
1 (445,728)
1 (5818,6132)
1 (8238,8261)
2 (388,647) (728,880)
1 (13595,13737)
1 (6578,6946)
1 (16015,16076)
Case 31: Yes
1 (23620,23818)
1 (44691,45112)
1 (9638,9988)
1 (13767,14099)
1 (14289,14757)
1 (24536,24893)
1 (19150,19596)
1 (445,728)
1 (5818,6132)
1 (8238,8261)
2 (388,647) (728,880)
1 (13595,13737)
1 (6578,6946)
1 (16015,16076)
Case 32: Yes
1 (23620,23818)
1 (44691,45112)
1 (9638,9988)
1 (13767,14099)
1 (14289,14757)
1 (24536,24893)
1 (19150,19596)
1 (445,728)
1 (5818,6132)
1 (8238,8261)
2 (388,647) (728,880)
1 (13595,13737)
1 (6578,6946)
1 (16015,16076)
Case 33: Yes
1 (23620,23818)
1 (44691,45112)
1 (9638,9988)
1 (13767,14099)
1 (14289,14757)
1 (24536,24893)
1 (19150,19596)
1 (445,728)
1 (5818,6132)
1 (8238,8261)
2 (388,647) (728,880)
1 (13595,13737)
1 (6578,6946)
1 (16015,16076)
Case 34: Yes
1 (23620,23818)
1 (44691,45112)
1 (9638,9988)
1 (13767,14099)
1 (14289,14757)
1 (24536,24893)
1 (19150,19596)
1 (445,728)
1 (5818,6132)
1 (8238,8261)
2 (388,647) (728,880)
1 (13595,13737)
1 (6578,6946)
1 (16015,16076)
Case 35: Yes
1 (23620,23818)
1 (44691,45112)
1 (9638,9988)
1 (13767,14099)
1 (14289,14757)
1 (24536,24893)
1 (19150,19596)
1 (445,728)
1 (5818,6132)
1 (8238,8261)
2 (388,647) (728,880)
1 (13595,13737)
1 (6578,6946)
1 (16015,16076)
Case 36: Yes
1 (23620,23818)
1 (44691,45112)
1 (9638,9988)
1 (13767,14099)
1 (14289,14757)
1 (24536,24893)
1 (19150,19596)
1 (445,728)
1 (5818,6132)
1 (8238,8261)
2 (388,647) (728,880)
1 (13595,13737)
1 (6578,6946)
1 (16015,16076)
Case 37: Yes
1 (23620,23818)
1 (44691,45112)
1 (9638,9988)
1 (13767,14099)
1 (14289,14757)
1 (24536,24893)
1 (19150,19596)
1 (445,728)
1 (5818,6132)
1 (8238,8261)
2 (388,647) (728,880)
1 (13595,13737)
1 (6578,6946)
1 (16015,16076)
Case 38: Yes
1 (23620,23818)
1 (44691,45112)
1 (9638,9988)
1 (13767,14099)
1 (14289,14757)
1 (24536,24893)
1 (19150,19596)
1 (445,728)
1 (5818,6132)
1 (8238,8261)
2 (388,647) (728,880)
1 (13595,13737)
1 (6578,6946)
1 (16015,16076)
Case 39: Yes
1 (23620,23818)
1 (44691,45112)
1 (9638,9988)
1 (13767,14099)
1 (14289,14757)
1 (24536,24893)
1 (19150,19596)
1 (445,728)
1 (5818,6132)
1 (8238,8261)
2 (388,647) (728,880)
1 (13595,13737)
1 (6578,6946)
1 (16015,16076)
Case 40: Yes
1 (23620,23818)
1 (44691,45112)
1 (9638,9988)
1 (13767,14099)
1 (14289,14757)
1 (24536,24893)
1 (19150,19596)
1 (445,728)
1 (5818,6132)
1 (8238,8261)
2 (388,647) (728,880)
1 (13595,13737)
1 (6578,6946)
1 (16015,16076)
Case 41: Yes
1 (23620,23818)
1 (44691,45112)
1 (9638,9988)
1 (13767,14099)
1 (14289,14757)
1 (24536,24893)
1 (19150,19596)
1 (445,728)
1 (5818,6132)
1 (8238,8261)
2 (388,647) (728,880)
1 (13595,13737)
1 (6578,6946)
1 (16015,16076)
Case 42: Yes
1 (23620,23818)
1 (44691,45112)
1 (9638,9988)
1 (13767,14099)
1 (14289,14757)
1 (24536,24893)
1 (19150,19596)
1 (445,728)
1 (5818,6132)
1 (8238,8261)
2 (388,647) (728,880)
1 (13595,13737)
1 (6578,6946)
1 (16015,16076)
Case 43: Yes
1 (23620,23818)
1 (44691,45112)
1 (9638,9988)
1 (13767,14099)
1 (14289,14757)
1 (24536,24893)
1 (19150,19596)
1 (445,728)
1 (5818,6132)
1 (8238,8261)
2 (388,647) (728,880)
1 (13595,13737)
1 (6578,6946)
1 (16015,16076)
Case 44: Yes
1 (23620,23818)
1 (44691,45112)
1 (9638,9988)
1 (13767,14099)
1 (14289,14757)
1 (24536,24893)
1 (19150,19596)
1 (445,728)
1 (5818,6132)
1 (8238,8261)
2 (388,647) (728,880)
1 (13595,13737)
1 (6578,6946)
1 (16015,16076)
Case 45: Yes
1 (23620,23818)
1 (44691,45112)
1 (9638,9988)
1 (13767,14099)
1 (14289,14757)
1 (24536,24893)
1 (19150,19596)
1 (445,728)
1 (5818,6132)
1 (8238,8261)
2 (388,647) (728,880)
1 (13595,13737)
1 (6578,6946)
1 (16015,16076)
Case 46: Yes
1 (23620,23818)
1 (44691,45112)
1 (9638,9988)
1 (13767,14099)
1 (14289,14757)
1 (24536,24893)
1 (19150,19596)
1 (445,728)
1 (5818,6132)
1 (8238,8261)
2 (388,647) (728,880)
1 (13595,13737)
1 (6578,6946)
1 (16015,16076)
Case 47: Yes
1 (23620,23818)
1 (44691,45112)
1 (9638,9988)
1 (13767,14099)
1 (14289,14757)
1 (24536,24893)
1 (19150,19596)
1 (445,728)
1 (5818,6132)
1 (8238,8261)
2 (388,647) (728,880)
1 (13595,13737)
1 (6578,6946)
1 (16015,16076)
Case 48: Yes
1 (23620,23818)
1 (44691,45112)
1 (9638,9988)
1 (13767,14099)
1 (14289,14757)
1 (24536,24893)
1 (19150,19596)
1 (445,728)
1 (5818,6132)
1 (8238,8261)
2 (388,647) (728,880)
1 (13595,13737)
1 (6578,6946)
1 (16015,16076)
Case 49: Yes
1 (23620,23818)
1 (44691,45112)
1 (9638,9988)
1 (13767,14099)
1 (14289,14757)
1 (24536,24893)
1 (19150,19596)
1 (445,728)
1 (5818,6132)
1 (8238,8261)
2 (388,647) (728,880)
1 (13595,13737)
1 (6578,6946)
1 (16015,16076)
Case 50: Yes
1 (23620,23818)
1 (44691,45112)
1 (9638,9988)
1 (13767,14099)
1 (14289,14757)
1 (24536,24893)
1 (19150,19596)
1 (445,728)
1 (5818,6132)
1 (8238,8261)
2 (388,647) (728,880)
1 (13595,13737)
1 (6578,6946)
1 (16015,16076)
Case 51: Yes
1 (23620,23818)
1 (44691,45112)
1 (9638,9988)
1 (13767,14099)
1 (14289,14757)
1 (24536,24893)
1 (19150,19596)
1 (445,728)
1 (5818,6132)
1 (8238,8261)
2 (388,647) (728,880)
1 (13595,13737)
1 (6578,6946)
1 (16015,16076)
Case 52: Yes
1 (23620,23818)
1 (44691,45112)
1 (9638,9988)
1 (13767,14099)
1 (14289,14757)
1 (24536,24893)
1 (19150,19596)
1 (445,728)
1 (5818,6132)
1 (8238,8261)
2 (388,647) (728,880)
1 (13595,13737)
1 (6578,6946)
1 (16015,16076)
Case 53: Yes
1 (23620,23818)
1 (44691,45112)
1 (9638,9988)
1 (13767,14099)
1 (14289,14757)
1 (24536,24893)
1 (19150,19596)
1 (445,728)
1 (5818,6132)
1 (8238,8261)
2 (388,647) (728,880)
1 (13595,13737)
1 (6578,6946)
1 (16015,16076)
Case 54: Yes
1 (23620,23818)
1 (44691,45112)
1 (9638,9988)
1 (13767,14099)
1 (14289,14757)
1 (24536,24893)
1 (19150,19596)
1 (445,728)
1 (5818,6132)
1 (8238,8261)
2 (388,647) (728,880)
1 (13595,13737)
1 (6578,6946)
1 (16015,16076)
Case 55: Yes
1 (23620,23818)
1 (44691,45112)
1 (9638,9988)
1 (13767,14099)
1 (14289,14757)
1 (24536,24893)
1 (19150,19596)
1 (445,728)
1 (5818,6132)
1 (8238,8261)
2 (388,647) (728,880)
1 (13595,13737)
1 (6578,6946)
1 (16015,16076)
Case 56: Yes
1 (23620,23818)
1 (44691,45112)
1 (9638,9988)
1 (13767,14099)
1 (14289,14757)
1 (24536,24893)
1 (19150,19596)
1 (445,728)
1 (5818,6132)
1 (8238,8261)
2 (388,647) (728,880)
1 (13595,13737)
1 (6578,6946)
1 (16015,16076)
Case 57: Yes
1 (23620,23818)
1 (44691,45112)
1 (9638,9988)
1 (13767,14099)
1 (14289,14757)
1 (24536,24893)
1 (19150,19596)
1 (445,728)
1 (5818,6132)
1 (8238,8261)
2 (388,647) (728,880)
1 (13595,13737)
1 (6578,6946)
1 (16015,16076)
Case 58: Yes
1 (23620,23818)
1 (44691,45112)
1 (9638,9988)
1 (13767,14099)
1 (14289,14757)
1 (24536,24893)
1 (19150,19596)
1 (445,728)
1 (5818,6132)
1 (8238,8261)
2 (388,647) (728,880)
1 (13595,13737)
1 (6578,6946)
1 (16015,16076)
Case 59: Yes
1 (23620,23818)
1 (44691,45112)
1 (9638,9988)
1 (13767,14099)
1 (14289,14757)
1 (24536,24893)
1 (19150,19596)
1 (445,728)
1 (5818,6132)
1 (8238,8261)
2 (388,647) (728,880)
1 (13595,13737)
1 (6578,6946)
1 (16015,16076)
Case 60: Yes
1 (23620,23818)
1 (44691,45112)
1 (9638,9988)
1 (13767,14099)
1 (14289,14757)
1 (24536,24893)
1 (19150,19596)
1 (445,728)
1 (5818,6132)
1 (8238,8261)
2 (388,647) (728,880)
1 (13595,13737)
1 (6578,6946)
1 (16015,16076)
Case 61: Yes
1 (23620,23818)
1 (44691,45112)
1 (9638,9988)
1 (13767,14099)
1 (14289,14757)
1 (24536,24893)
1 (19150,19596)
1 (445,728)
1 (5818,6132)
1 (8238,8261)
2 (388,647) (728,880)
1 (13595,13737)
1 (6578,6946)
1 (16015,16076)
Case 62: Yes
1 (23620,23818)
1 (44691,45112)
1 (9638,9988)
1 (13767,14099)
1 (14289,14757)
1 (24536,24893)
1 (19150,19596)
1 (445,728)
1 (5818,6132)
1 (8238,8261)
2 (388,647) (728,880)
1 (13595,13737)
1 (6578,6946)
1 (16015,16076)
Case 63: Yes
1 (23620,23818)
1 (44691,45112)
1 (9638,9988)
1 (13767,14099)
1 (14289,14757)
1 (24536,24893)
1 (19150,19596)
1 (445,728)
1 (5818,6132)
1 (8238,8261)
2 (388,647) (728,880)
1 (13595,13737)
1 (6578,6946)
1 (16015,16076)
Case 64: Yes
1 (23620,23818)
1 (44691,45112)
1 (9638,9988)
1 (13767,14099)
1 (14289,14757)
1 (24536,24893)
1 (19150,19596)
1 (445,728)
1 (5818,6132)
1 (8238,8261)
2 (388,647) (728,880)
1 (13595,13737)
1 (6578,6946)
1 (16015,16076)
Case 65: Yes
1 (23620,23818)
1 (44691,45112)
1 (9638,9988)
1 (13767,14099)
1 (14289,14757)
1 (24536,24893)
1 (19150,19596)
1 (445,728)
1 (5818,6132)
1 (8238,8261)
2 (388,647) (728,880)
1 (13595,13737)
1 (6578,6946)
1 (16015,16076)
Case 66: Yes
1 (23620,23818)
1 (44691,45112)
1 (9638,9988)
1 (13767,14099)
1 (14289,14757)
1 (24536,24893)
1 (19150,19596)
1 (445,728)
1 (5818,6132)
1 (8238,8261)
2 (388,647) (728,880)
1 (13595,13737)
1 (6578,6946)
1 (16015,16076)
Case 67: Yes
1 (23620,23818)
1 (44691,45112)
1 (9638,9988)
1 (13767,14099)
1 (14289,14757)
1 (24536,24893)
1 (19150,19596)
1 (445,728)
1 (5818,6132)
1 (8238,8261)
2 (388,647) (728,880)
1 (13595,13737)
1 (6578,6946)
1 (16015,16076)
Case 68: Yes
1 (23620,23818)
1 (44691,45112)
1 (9638,9988)
1 (13767,14099)
1 (14289,14757)
1 (24536,24893)
1 (19150,19596)
1 (445,728)
1 (5818,6132)
1 (8238,8261)
2 (388,647) (728,880)
1 (13595,13737)
1 (6578,6946)
1 (16015,16076)
Case 69: Yes
1 (23620,23818)
1 (44691,45112)
1 (9638,9988)
1 (13767,14099)
1 (14289,14757)
1 (24536,24893)
1 (19150,19596)
1 (445,728)
1 (5818,6132)
1 (8238,8261)
2 (388,647) (728,880)
1 (13595,13737)
1 (6578,6946)
1 (16015,16076)
Case 70: Yes
1 (23620,23818)
1 (44691,45112)
1 (9638,9988)
1 (13767,14099)
1 (14289,14757)
1 (24536,24893)
1 (19150,19596)
1 (445,728)
1 (5818,6132)
1 (8238,8261)
2 (388,647) (728,880)
1 (13595,13737)
1 (6578,6946)
1 (16015,16076)
Case 71: Yes
1 (23620,23818)
1 (44691,45112)
1 (9638,9988)
1 (13767,14099)
1 (14289,14757)
1 (24536,24893)
1 (19150,19596)
1 (445,728)
1 (5818,6132)
1 (8238,8261)
2 (388,647) (728,880)
1 (13595,13737)
1 (6578,6946)
1 (16015,16076)
Case 72: Yes
1 (23620,23818)
1 (44691,45112)
1 (9638,9988)
1 (13767,14099)
1 (14289,14757)
1 (24536,24893)
1 (19150,19596)
1 (445,728)
1 (5818,6132)
1 (8238,8261)
2 (388,647) (728,880)
1 (13595,13737)
1 (6578,6946)
1 (16015,16076)
Case 73: Yes
1 (23620,23818)
1 (44691,45112)
1 (9638,9988)
1 (13767,14099)
1 (14289,14757)
1 (24536,24893)
1 (19150,19596)
1 (445,728)
1 (5818,6132)
1 (8238,8261)
2 (388,647) (728,880)
1 (13595,13737)
1 (6578,6946)
1 (16015,16076)
Case 74: Yes
1 (23620,23818)
1 (44691,45112)
1 (9638,9988)
1 (13767,14099)
1 (14289,14757)
1 (24536,24893)
1 (19150,19596)
1 (445,728)
1 (5818,6132)
1 (8238,8261)
2 (388,647) (728,880)
1 (13595,13737)
1 (6578,6946)
1 (16015,16076)
Case 75: Yes
1 (23620,23818)
1 (44691,45112)
1 (9638,9988)
1 (13767,14099)
1 (14289,14757)
1 (24536,24893)
1 (19150,19596)
1 (445,728)
1 (5818,6132)
1 (8238,8261)
2 (388,647) (728,880)
1 (13595,13737)
1 (6578,6946)
1 (16015,16076)
Case 76: Yes
1 (23620,23818)
1 (44691,45112)
1 (9638,9988)
1 (13767,14099)
1 (14289,14757)
1 (24536,24893)
1 (19150,19596)
1 (445,728)
1 (5818,6132)
1 (8238,8261)
2 (388,647) (728,880)
1 (13595,13737)
1 (6578,6946)
1 (16015,16076)
Case 77: Yes
1 (23620,23818)
1 (44691,45112)
1 (9638,9988)
1 (13767,14099)
1 (14289,14757)
1 (24536,24893)
1 (19150,19596)
1 (445,728)
1 (5818,6132)
1 (8238,8261)
2 (388,647) (728,880)
1 (13595,13737)
1 (6578,6946)
1 (16015,16076)
Case 78: Yes
1 (23620,23818)
1 (44691,45112)
1 (9638,9988)
1 (13767,14099)
1 (14289,14757)
1 (24536,24893)
1 (19150,19596)
1 (445,728)
1 (5818,6132)
1 (8238,8261)
2 (388,647) (728,880)
1 (13595,13737)
1 (6578,6946)
1 (16015,16076)
Case 79: Yes
1 (23620,23818)
1 (44691,45112)
1 (9638,9988)
1 (13767,14099)
1 (14289,14757)
1 (24536,24893)
1 (19150,19596)
1 (445,728)
1 (5818,6132)
1 (8238,8261)
2 (388,647) (728,880)
1 (13595,13737)
1 (6578,6946)
1 (16015,16076)
Case 80: Yes
1 (23620,23818)
1 (44691,45112)
1 (9638,9988)
1 (13767,14099)
1 (14289,14757)
1 (24536,24893)
1 (19150,19596)
1 (445,728)
1 (5818,6132)
1 (8238,8261)
2 (388,647) (728,880)
1 (13595,13737)
1 (6578,6946)
1 (16015,16076)
Case 81: Yes
1 (23620,23818)
1 (44691,45112)
1 (9638,9988)
1 (13767,14099)
1 (14289,14757)
1 (24536,24893)
1 (19150,19596)
1 (445,728)
1 (5818,6132)
1 (8238,8261)
2 (388,647) (728,880)
1 (13595,13737)
1 (6578,6946)
1 (16015,16076)
Case 82: Yes
1 (23620,23818)
1 (44691,45112)
1 (9638,9988)
1 (13767,14099)
1 (14289,14757)
1 (24536,24893)
1 (19150,19596)
1 (445,728)
1 (5818,6132)
1 (8238,8261)
2 (388,647) (728,880)
1 (13595,13737)
1 (6578,6946)
1 (16015,16076)
Case 83: Yes
1 (23620,23818)
1 (44691,45112)
1 (9638,9988)
1 (13767,14099)
1 (14289,14757)
1 (24536,24893)
1 (19150,19596)
1 (445,728)
1 (5818,6132)
1 (8238,8261)
2 (388,647) (728,880)
1 (13595,13737)
1 (6578,6946)
1 (16015,16076)
Case 84: Yes
1 (23620,23818)
1 (44691,45112)
1 (9638,9988)
1 (13767,14099)
1 (14289,14757)
1 (24536,24893)
1 (19150,19596)
1 (445,728)
1 (5818,6132)
1 (8238,8261)
2 (388,647) (728,880)
1 (13595,13737)
1 (6578,6946)
1 (16015,16076)
Case 85: Yes
1 (23620,23818)
1 (44691,45112)
1 (9638,9988)
1 (13767,14099)
1 (14289,14757)
1 (24536,24893)
1 (19150,19596)
1 (445,728)
1 (5818,6132)
1 (8238,8261)
2 (388,647) (728,880)
1 (13595,13737)
1 (6578,6946)
1 (16015,16076)
Case 86: Yes
1 (23620,23818)
1 (44691,45112)
1 (9638,9988)
1 (13767,14099)
1 (14289,14757)
1 (24536,24893)
1 (19150,19596)
1 (445,728)
1 (5818,6132)
1 (8238,8261)
2 (388,647) (728,880)
1 (13595,13737)
1 (6578,6946)
1 (16015,16076)
Case 87: Yes
1 (23620,23818)
1 (44691,45112)
1 (9638,9988)
1 (13767,14099)
1 (14289,14757)
1 (24536,24893)
1 (19150,19596)
1 (445,728)
1 (5818,6132)
1 (8238,8261)
2 (388,647) (728,880)
1 (13595,13737)
1 (6578,6946)
1 (16015,16076)
Case 88: Yes
1 (23620,23818)
1 (44691,45112)
1 (9638,9988)
1 (13767,14099)
1 (14289,14757)
1 (24536,24893)
1 (19150,19596)
1 (445,728)
1 (5818,6132)
1 (8238,8261)
2 (388,647) (728,880)
1 (13595,13737)
1 (6578,6946)
1 (16015,16076)
Case 89: Yes
1 (23620,23818)
1 (44691,45112)
1 (9638,9988)
1 (13767,14099)
1 (14289,14757)
1 (24536,24893)
1 (19150,19596)
1 (445,728)
1 (5818,6132)
1 (8238,8261)
2 (388,647) (728,880)
1 (13595,13737)
1 (6578,6946)
1 (16015,16076)
Case 90: Yes
1 (23620,23818)
1 (44691,45112)
1 (9638,9988)
1 (13767,14099)
1 (14289,14757)
1 (24536,24893)
1 (19150,19596)
1 (445,728)
1 (5818,6132)
1 (8238,8261)
2 (388,647) (728,880)
1 (13595,13737)
1 (6578,6946)
1 (16015,16076)
Case 91: Yes
1 (23620,23818)
1 (44691,45112)
1 (9638,9988)
1 (13767,14099)
1 (14289,14757)
1 (24536,24893)
1 (19150,19596)
1 (445,728)
1 (5818,6132)
1 (8238,8261)
2 (388,647) (728,880)
1 (13595,13737)
1 (6578,6946)
1 (16015,16076)
Case 92: Yes
1 (23620,23818)
1 (44691,45112)
1 (9638,9988)
1 (13767,14099)
1 (14289,14757)
1 (24536,24893)
1 (19150,19596)
1 (445,728)
1 (5818,6132)
1 (8238,8261)
2 (388,647) (728,880)
1 (13595,13737)
1 (6578,6946)
1 (16015,16076)
Case 93: Yes
1 (23620,23818)
1 (44691,45112)
1 (9638,9988)
1 (13767,14099)
1 (14289,14757)
1 (24536,24893)
1 (19150,19596)
1 (445,728)
1 (5818,6132)
1 (8238,8261)
2 (388,647) (728,880)
1 (13595,13737)
1 (6578,6946)
1 (16015,16076)
Case 94: Yes
1 (23620,23818)
1 (44691,45112)
1 (9638,9988)
1 (13767,14099)
1 (14289,14757)
1 (24536,24893)
1 (19150,19596)
1 (445,728)
1 (5818,6132)
1 (8238,8261)
2 (388,647) (728,880)
1 (13595,13737)
1 (6578,6946)
1 (16015,16076)
Case 95: Yes
1 (23620,23818)
1 (44691,45112)
1 (9638,9988)
1 (13767,14099)
1 (14289,14757)
1 (24536,24893)
1 (19150,19596)
1 (445,728)
1 (5818,6132)
1 (8238,8261)
2 (388,647) (728,880)
1 (13595,13737)
1 (6578,6946)
1 (16015,16076)
Case 96: Yes
1 (23620,23818)
1 (44691,45112)
1 (9638,9988)
1 (13767,14099)
1 (14289,14757)
1 (24536,24893)
1 (19150,19596)
1 (445,728)
1 (5818,6132)
1 (8238,8261)
2 (388,647) (728,880)
1 (13595,13737)
1 (6578,6946)
1 (16015,16076)
Case 97: Yes
1 (23620,23818)
1 (44691,45112)
1 (9638,9988)
1 (13767,14099)
1 (14289,14757)
1 (24536,24893)
1 (19150,19596)
1 (445,728)
1 (5818,6132)
1 (8238,8261)
2 (388,647) (728,880)
1 (13595,13737)
1 (6578,6946)
1 (16015,16076)
Case 98: Yes
1 (23620,23818)
1 (44691,45112)
1 (9638,9988)
1 (13767,14099)
1 (14289,14757)
1 (24536,24893)
1 (19150,19596)
1 (445,728)
1 (5818,6132)
1 (8238,8261)
2 (388,647) (728,880)
1 (13595,13737)
1 (6578,6946)
1 (16015,16076)
Case 99: Yes
1 (23620,23818)
1 (44691,45112)
1 (9638,9988)
1 (13767,14099)
1 (14289,14757)
1 (24536,24893)
1 (19150,19596)
1 (445,728)
1 (5818,6132)
1 (8238,8261)
2 (388,647) (728,880)
1 (13595,13737)
1 (6578,6946)
1 (16015,16076)
Case 100: Yes
1 (23620,23818)
1 (44691,45112)
1 (9638,9988)
1 (13767,14099)
1 (14289,14757)
1 (24536,24893)
1 (19150,19596)
1 (445,728)
1 (5818,6132)
1 (8238,8261)
2 (388,647) (728,880)
1 (13595,13737)
1 (6578,6946)
1 (16015,16076)
