Case 1: Yes
1 (29428,29434)
1 (45479,45706)
1 (11982,11989)
1 (21681,21885)
1 (36501,36609)
1 (39899,40360)
1 (3112,3163)
1 (1239,1317)
1 (25974,26092)
1 (15313,15619)
1 (20107,20226)
1 (5398,5417)
1 (41554,41767)
1 (784,1041)
1 (7472,7520)
2 (11555,11982) (11989,12025)
1 (27151,27499)
1 (48651,48954)
1 (4022,4126)
1 (20249,20462)
1 (6467,6699)
1 (4558,4934)
1 (2418,2487)
1 (46915,47312)
1 (12025,12369)
1 (27951,28109)
1 (34933,35267)
2 (3101,3112) (3163,3498)
1 (48954,49234)
1 (30186,30509)
1 (13903,14288)
1 (31000,31247)
1 (39036,39498)
1 (35267,35352)
1 (19161,19197)
1 (36880,37050)
1 (45706,45772)
1 (35837,35995)
1 (27499,27761)
1 (16170,16530)
1 (18142,18513)
1 (44098,44136)
1 (1630,1631)
2 (6258,6467) (6699,6741)
3 (35352,35808) (39017,39036) (39498,39503)
1 (3498,3500)
1 (7209,7341)
2 (5359,5398) (5417,5795)
1 (2007,2233)
1 (6741,6809)
1 (37585,37639)
1 (2499,2548)
1 (41830,42007)
1 (10907,11360)
1 (39503,39801)
1 (26092,26119)
1 (12369,12556)
2 (49573,49790) (49823,49961)
1 (3500,3618)
1 (12943,13198)
1 (49234,49260)
1 (30649,30959)
1 (4934,5175)
2 (10630,10907) (11360,11416)
2 (47847,48069) (49391,49535)
1 (8804,9204)
1 (45772,46251)
1 (9864,10222)
1 (34085,34421)
1 (18513,18740)
2 (44891,45300) (47677,47709)
2 (47709,47847) (48069,48357)
2 (39801,39899) (40360,40677)
2 (13884,13903) (14288,14371)
1 (24667,25053)
2 (37247,37585) (38669,38716)
1 (11427,11543)
2 (4126,4558) (5175,5204)
2 (3821,4022) (5204,5210)
1 (14371,14418)
2 (1041,1239) (1317,1473)
2 (5210,5359) (5795,5992)
2 (7341,7404) (11416,11427)
1 (9253,9550)
2 (38762,39017) (40677,40772)
2 (3618,3821) (5992,6130)
2 (6130,6258) (6809,6899)
1 (33230,33668)
1 (23854,24278)
2 (30509,30649) (30959,30995)
2 (35808,35837) (35995,36227)
2 (1473,1630) (1631,1895)
Case 2: Yes
1 (5306,5412)
1 (6414,6886)
1 (939,1227)
Case 3: Yes
1 (3020,3033)
1 (47237,47269)
1 (22614,22651)
1 (28588,28976)
1 (11292,11651)
1 (43145,43249)
1 (4367,4535)
1 (19613,19961)
1 (4258,4612)
1 (20949,21193)
1 (41751,42039)
1 (20615,21066)
1 (3733,4171)
1 (16276,16430)
1 (2299,2651)
1 (39022,39463)
1 (14992,15032)
1 (45243,45469)
1 (14987,14995)
1 (936,1108)
1 (2556,2938)
1 (11792,11855)
1 (25021,25434)
1 (19304,19667)
1 (2651,2840)
1 (25817,25934)
1 (23230,23665)
1 (48410,48741)
1 (42662,43127)
1 (10612,10646)
1 (36792,36962)
1 (8890,9137)
2 (46641,46740) (48001,48300)
1 (11197,11454)
1 (12161,12427)
1 (4535,4745)
1 (15078,15287)
1 (44814,45261)
1 (49009,49112)
1 (4737,5206)
1 (48300,48453)
1 (42479,42967)
1 (43818,44129)
1 (1245,1332)
1 (6551,6942)
1 (3633,3935)
1 (46470,46665)
2 (47656,47660) (48001,48206)
2 (48206,48410) (48453,48652)
1 (39146,39233)
1 (8204,8331)
2 (4612,4736) (4745,4955)
1 (25412,25637)
1 (13625,14054)
1 (1166,1585)
1 (42189,42648)
Case 4: Yes
1 (13504,13516)
1 (11492,11658)
1 (9065,9195)
1 (6440,6584)
1 (19578,19752)
1 (33604,33798)
3 (45513,45707) (45726,45794) (45817,45836)
1 (25824,25998)
1 (27948,28381)
1 (46225,46562)
1 (17997,18465)
1 (4997,5197)
1 (46567,46724)
1 (12418,12760)
1 (31223,31299)
1 (28799,28837)
0
1 (5743,6105)
1 (3507,3898)
2 (11284,11492) (11658,11912)
1 (32294,32562)
1 (16756,16968)
1 (43385,43653)
1 (14706,15035)
1 (7090,7433)
1 (10317,10477)
2 (45707,45726) (45794,45817)
1 (47540,47903)
1 (48197,48257)
2 (46562,46567) (46724,47065)
1 (47173,47203)
1 (7529,7820)
1 (30054,30464)
1 (33848,34168)
1 (16588,16641)
1 (23500,23777)
1 (23131,23434)
2 (47065,47173) (47203,47259)
1 (41892,41923)
1 (40356,40803)
1 (21581,21984)
1 (43849,44291)
2 (19457,19578) (19752,19990)
1 (29260,29604)
1 (12329,12418)
1 (31352,31786)
1 (18833,18906)
1 (9839,10283)
3 (38880,38899) (44432,44466) (45836,46225)
3 (6964,7090) (7433,7529) (7820,7924)
2 (12018,12329) (12760,12768)
1 (26370,26481)
1 (6105,6282)
1 (13097,13334)
3 (9528,9839) (10283,10317) (10477,10625)
1 (5309,5382)
1 (20708,21095)
2 (25682,25824) (25998,26156)
1 (13516,13905)
1 (12768,12866)
1 (47259,47444)
2 (42714,42930) (43216,43385)
2 (14479,14706) (15035,15191)
1 (37418,37626)
1 (680,876)
1 (26481,26575)
1 (17308,17669)
2 (5197,5309) (5382,5588)
4 (47444,47490) (47535,47540) (47903,48197) (48257,48345)
1 (8204,8453)
1 (32860,33018)
2 (48345,48440) (49477,49872)
1 (15513,15527)
1 (7989,8080)
3 (42617,42714) (42930,43102) (43653,43849)
1 (35448,35584)
2 (40803,40837) (44291,44432)
2 (583,680) (1010,1366)
1 (44466,44522)
3 (566,583) (876,1010) (1366,1384)
1 (20198,20670)
1 (1384,1766)
1 (17669,17864)
3 (5588,5743) (6282,6440) (6584,6600)
1 (20131,20192)
1 (10625,10985)
1 (45289,45513)
Case 5: Yes
1 (33711,34115)
1 (23969,24354)
1 (29620,29646)
1 (30058,30275)
1 (5663,6062)
1 (45913,46243)
1 (26868,27135)
1 (8822,9305)
1 (46687,46934)
1 (43396,43794)
1 (21606,21918)
1 (6210,6516)
1 (1138,1629)
1 (25775,25877)
1 (24199,24497)
1 (39051,39242)
1 (12990,13266)
1 (4468,4486)
1 (14861,15128)
2 (28122,28179) (47646,47752)
2 (15233,15304) (23799,24119)
1 (12655,12719)
1 (24119,24491)
1 (9940,10005)
1 (25427,25916)
1 (39819,40295)
1 (20,505)
1 (12195,12631)
1 (11561,11644)
1 (37884,38354)
1 (30715,30950)
1 (43475,43508)
1 (27288,27480)
1 (8223,8269)
1 (11368,11760)
1 (3115,3609)
1 (23799,23913)
1 (47752,48246)
1 (36981,37419)
1 (22718,22937)
1 (10045,10150)
1 (9028,9500)
1 (46982,47032)
1 (7737,7905)
1 (19525,19541)
1 (2121,2133)
1 (34682,35050)
1 (1464,1598)
1 (12795,13276)
1 (11332,11807)
1 (10080,10519)
1 (2913,3287)
1 (42904,43343)
1 (47646,47663)
1 (36690,37095)
1 (1334,1665)
1 (24811,25095)
1 (18930,19156)
1 (31531,31958)
1 (18817,18943)
1 (6003,6156)
1 (8245,8518)
1 (15917,15972)
1 (11593,12092)
2 (48987,49003) (49216,49642)
1 (31949,32094)
1 (33530,34027)
2 (30021,30210) (40315,40477)
1 (6217,6497)
1 (40477,40567)
1 (1377,1381)
2 (12872,13124) (15853,15917)
1 (11853,11855)
1 (25181,25652)
1 (9353,9418)
1 (12147,12208)
1 (387,791)
1 (12522,12784)
1 (3618,3910)
1 (7573,7717)
2 (49376,49437) (49642,49892)
1 (44586,44812)
1 (9526,9625)
1 (23851,24147)
2 (46477,46548) (47315,47494)
1 (43131,43329)
1 (2974,3429)
1 (1321,1705)
Case 6: Yes
1 (4176,4368)
1 (14629,14696)
1 (1532,1594)
1 (35478,35783)
1 (164,537)
1 (8495,8870)
1 (46609,46970)
1 (47300,47547)
1 (5753,6142)
1 (15166,15274)
1 (1248,1680)
Case 7: Yes
1 (7905,8348)
1 (18792,19001)
1 (33249,33291)
1 (34308,34348)
1 (11515,11737)
1 (45235,45452)
1 (3179,3303)
1 (36044,36135)
1 (21768,21886)
1 (46958,47090)
1 (47712,48090)
2 (48557,48777) (49816,49990)
1 (44509,44618)
1 (28270,28290)
1 (14805,14813)
1 (29556,29931)
1 (14132,14460)
1 (22105,22582)
1 (575,725)
1 (27862,28013)
1 (17460,17921)
1 (19082,19173)
1 (4939,4954)
1 (16631,17001)
1 (7219,7415)
1 (2831,3045)
1 (37631,37677)
1 (17261,17365)
1 (35482,35614)
1 (3774,3978)
1 (21300,21676)
1 (42587,43013)
1 (2412,2903)
1 (37102,37506)
1 (1434,1511)
1 (43190,43326)
1 (1660,1707)
1 (46142,46287)
1 (37620,37673)
1 (36932,37018)
1 (15520,15749)
1 (6251,6549)
1 (12119,12530)
1 (25056,25301)
1 (42763,43037)
1 (47484,47663)
1 (651,742)
1 (31241,31310)
1 (31557,31763)
1 (23561,23990)
1 (25352,25448)
1 (23795,23804)
1 (2812,3190)
1 (46824,47312)
1 (41575,41773)
2 (40017,40262) (43793,43802)
1 (4471,4473)
1 (2801,3291)
1 (8901,9062)
1 (34040,34186)
1 (1293,1773)
1 (4094,4526)
1 (6514,6615)
1 (18421,18472)
1 (37375,37625)
2 (39271,39290) (43802,43938)
1 (28988,29472)
1 (16190,16578)
1 (5595,5768)
1 (11004,11472)
1 (36808,37167)
1 (10472,10633)
1 (8114,8601)
1 (37711,37868)
1 (4252,4462)
1 (11067,11112)
1 (12843,13111)
1 (8220,8569)
1 (20923,21243)
1 (37927,37935)
1 (11930,12360)
1 (43938,44422)
1 (25651,25708)
1 (43802,44155)
1 (6980,7004)
1 (11417,11877)
1 (43598,43992)
1 (9930,10411)
1 (9398,9879)
1 (8908,9223)
2 (37256,37422) (37438,37650)
1 (45118,45405)
1 (9590,9599)
1 (15163,15480)
1 (32723,33222)
1 (4962,5454)
1 (8616,9074)
1 (37650,37717)
1 (26576,26805)
1 (38329,38523)
Case 8: Yes
1 (39070,39237)
1 (21737,21878)
1 (14094,14314)
1 (712,991)
1 (19040,19202)
1 (12044,12136)
1 (31943,32008)
1 (24374,24854)
1 (11020,11332)
1 (21941,22103)
1 (46397,46811)
1 (8308,8551)
1 (44665,44829)
1 (4021,4417)
1 (41876,42163)
1 (3170,3253)
1 (11684,11824)
1 (7838,8129)
1 (27173,27574)
1 (1178,1619)
1 (10102,10431)
1 (18620,18972)
2 (48887,49190) (49602,49779)
1 (40082,40113)
1 (7637,7724)
1 (11691,11942)
1 (35616,36000)
1 (2018,2418)
1 (11606,11637)
1 (1119,1599)
1 (23944,24264)
1 (37986,38437)
1 (38246,38509)
1 (20430,20564)
1 (5418,5859)
1 (11374,11571)
1 (10719,10759)
1 (299,460)
1 (27053,27322)
1 (44476,44699)
1 (3544,3757)
1 (8114,8353)
1 (7487,7571)
1 (14815,15193)
1 (11730,12011)
1 (15072,15085)
1 (42616,43091)
1 (33444,33827)
1 (1319,1779)
1 (25253,25722)
1 (3728,3934)
1 (37633,38088)
1 (40337,40494)
1 (22963,23083)
1 (11021,11362)
1 (4798,5021)
1 (31790,32232)
1 (4641,4976)
1 (23335,23830)
2 (44852,45235) (45792,45823)
1 (19008,19150)
1 (18237,18470)
1 (11175,11384)
1 (22230,22695)
2 (45823,46220) (46457,46537)
1 (33646,33984)
1 (31566,32056)
1 (38122,38205)
1 (37386,37627)
1 (15680,16091)
2 (36346,36478) (37923,38122)
1 (13991,14145)
1 (8734,9100)
2 (45792,45830) (46457,46683)
1 (42637,42748)
1 (11693,11843)
1 (48176,48249)
1 (7986,8472)
1 (1351,1384)
1 (26751,26772)
1 (12298,12480)
1 (46683,46959)
1 (2199,2504)
1 (46537,46575)
1 (12320,12518)
1 (31215,31588)
1 (37923,38120)
1 (25084,25249)
1 (38745,38827)
1 (30643,30956)
1 (1898,1946)
1 (32771,32787)
1 (10248,10523)
1 (13338,13660)
1 (33027,33392)
1 (10081,10458)
1 (41848,42109)
1 (20801,20965)
1 (41151,41160)
2 (46457,46754) (48069,48243)
Case 9: Yes
1 (17972,18025)
1 (13702,14167)
1 (16206,16280)
1 (11507,11717)
1 (27039,27477)
1 (26272,26472)
1 (31140,31364)
1 (46957,47089)
1 (19522,19873)
1 (44309,44688)
1 (47593,47643)
1 (3547,3760)
1 (2749,2998)
1 (45335,45707)
1 (1588,1757)
1 (1485,1823)
1 (2715,3109)
1 (8399,8807)
1 (4564,4636)
1 (42691,42729)
1 (5545,5561)
1 (22458,22574)
1 (22953,23013)
1 (30239,30262)
1 (1141,1398)
1 (27018,27496)
1 (27885,28382)
Case 10: Yes
1 (13731,13935)
1 (322,399)
1 (34180,34659)
1 (2731,3016)
1 (49028,49328)
1 (1744,2145)
Case 11: Yes
1 (13448,13782)
1 (11364,11732)
1 (2586,2876)
1 (9333,9740)
1 (18023,18240)
1 (32487,32596)
2 (18880,18932) (23586,23782)
1 (29884,30275)
1 (23782,24138)
1 (25263,25292)
1 (41041,41101)
1 (9603,10092)
1 (8457,8810)
1 (30017,30066)
1 (9321,9658)
1 (5604,5667)
1 (14240,14363)
1 (36036,36401)
1 (7868,8282)
1 (12083,12388)
1 (25625,26021)
1 (31576,31882)
1 (41142,41443)
2 (11993,12083) (24490,24573)
1 (3246,3536)
1 (9675,9698)
1 (29222,29659)
1 (20974,20977)
1 (11667,12028)
1 (38435,38746)
1 (199,632)
1 (7496,7595)
1 (46804,46925)
1 (2982,2998)
1 (48601,48647)
1 (24466,24777)
1 (40954,41338)
1 (508,662)
2 (14923,15061) (20850,20974)
1 (35651,35697)
1 (40657,40881)
1 (6503,6785)
1 (33582,34074)
1 (32744,32827)
1 (42321,42728)
1 (4067,4121)
2 (14233,14410) (29029,29222)
1 (17221,17677)
1 (32328,32358)
1 (25497,25885)
1 (15905,16277)
1 (232,671)
1 (38103,38531)
2 (24582,24799) (29029,29222)
1 (682,1145)
1 (29029,29055)
1 (37817,38276)
1 (38861,38871)
1 (13670,13873)
2 (5707,5941) (45559,45596)
Case 12: Yes
1 (2065,2358)
1 (18334,18473)
1 (5443,5723)
1 (32479,32797)
1 (46636,47063)
1 (39136,39224)
1 (3134,3522)
1 (5637,5992)
1 (30434,30850)
1 (35207,35701)
1 (16180,16440)
2 (23975,24179) (46814,46838)
1 (789,972)
1 (34955,35283)
1 (2215,2640)
1 (23147,23613)
1 (3766,4085)
1 (7937,8107)
1 (32854,32961)
1 (2358,2817)
1 (11292,11413)
1 (14587,14842)
1 (24023,24139)
1 (2640,2837)
1 (30193,30482)
1 (64,296)
1 (47591,47617)
1 (46838,47181)
1 (32074,32459)
Case 13: Yes
1 (38366,38767)
1 (6948,7182)
1 (1949,2221)
1 (18018,18314)
1 (19891,20177)
1 (29353,29411)
1 (16836,17024)
1 (41858,41875)
1 (2905,3091)
1 (2360,2443)
1 (40952,41380)
1 (42731,43123)
1 (37293,37323)
1 (5685,5774)
1 (10045,10056)
1 (1564,1636)
1 (25722,25914)
1 (19048,19483)
1 (30503,30752)
1 (6684,6692)
1 (48102,48350)
1 (23351,23607)
1 (41830,42143)
1 (43023,43132)
1 (45941,46181)
1 (10478,10825)
1 (26351,26732)
1 (9268,9637)
1 (37677,37997)
1 (30716,31051)
1 (41228,41269)
1 (16948,17210)
1 (49078,49306)
1 (5211,5518)
1 (18260,18539)
1 (3587,4021)
1 (36549,36874)
1 (32241,32358)
1 (39939,39976)
1 (10662,10709)
1 (22957,22968)
1 (32842,33129)
1 (5453,5722)
1 (3294,3449)
1 (41641,42122)
1 (7331,7654)
Case 14: Yes
1 (22388,22806)
1 (556,802)
1 (4819,5125)
1 (22309,22717)
1 (36687,36838)
1 (36385,36461)
1 (29702,30002)
1 (28915,29345)
1 (34373,34374)
1 (49016,49269)
1 (16986,17242)
1 (8294,8523)
1 (10288,10596)
1 (36933,37401)
1 (18398,18871)
1 (6197,6208)
1 (6161,6455)
1 (44731,44795)
2 (47926,48159) (49670,49841)
1 (35726,35971)
1 (2804,3024)
1 (10362,10642)
1 (7355,7740)
1 (40943,41035)
1 (34566,34918)
1 (5083,5204)
1 (36117,36352)
1 (38513,38533)
1 (809,1069)
1 (37856,38355)
1 (2760,2929)
2 (46349,46436) (49670,49715)
1 (13060,13224)
1 (5836,6190)
Case 15: Yes
1 (41152,41588)
1 (9345,9467)
1 (1362,1385)
1 (23625,24121)
1 (4755,5057)
1 (32226,32556)
1 (30417,30682)
1 (2318,2392)
1 (31508,31909)
1 (31370,31698)
1 (11891,11917)
1 (48966,49365)
1 (11984,12106)
1 (11332,11531)
1 (47129,47306)
1 (26972,27181)
1 (14345,14784)
2 (23479,23721) (48309,48358)
1 (22630,22776)
1 (4620,5058)
1 (7886,7891)
1 (4500,4744)
1 (10883,11188)
1 (12673,12918)
1 (23291,23376)
1 (39619,39649)
1 (5504,5916)
1 (34472,34846)
1 (603,745)
1 (2045,2209)
1 (2914,3083)
1 (27275,27581)
1 (48358,48429)
1 (995,1104)
1 (48309,48378)
1 (13,219)
1 (20215,20274)
1 (1339,1560)
1 (19120,19537)
1 (156,650)
1 (43557,43950)
1 (30024,30125)
1 (3026,3084)
2 (4749,4755) (5057,5408)
2 (19110,19120) (24873,25070)
1 (27512,27745)
1 (39042,39462)
1 (15947,16337)
1 (12438,12832)
1 (11533,11936)
1 (6892,6997)
1 (9949,10273)
1 (13581,13765)
2 (49241,49586) (49624,49660)
1 (16304,16524)
1 (47127,47585)
1 (42040,42369)
1 (45226,45231)
1 (3985,4475)
1 (9497,9569)
1 (5681,6178)
1 (49660,49758)
1 (26766,26834)
1 (18869,19059)
1 (22198,22367)
1 (37107,37467)
1 (6458,6558)
1 (5058,5421)
1 (33635,33697)
2 (43458,43585) (47485,47610)
1 (20060,20529)
1 (39380,39566)
1 (14012,14212)
2 (48488,48568) (49624,49918)
1 (988,1282)
1 (15946,16198)
Case 16: Yes
1 (22859,23107)
1 (5306,5501)
1 (39226,39543)
1 (26390,26682)
1 (19647,19757)
1 (34956,34996)
1 (21529,21904)
1 (46080,46201)
1 (8161,8335)
1 (43816,44163)
1 (128,391)
1 (23944,24342)
1 (29516,29686)
1 (36198,36681)
1 (10565,10606)
1 (13171,13606)
1 (29619,29880)
1 (8154,8603)
1 (25019,25118)
1 (34490,34598)
1 (31128,31187)
1 (901,1380)
1 (17105,17213)
1 (36069,36263)
1 (37515,37915)
1 (40403,40767)
1 (14666,15081)
1 (9313,9774)
2 (31560,31678) (32658,32662)
1 (28969,29111)
1 (35444,35480)
1 (45013,45053)
1 (46434,46663)
1 (25499,25987)
1 (14223,14299)
1 (36513,36624)
1 (36779,37103)
Case 17: Yes
1 (12311,12369)
1 (4206,4634)
1 (6684,6904)
1 (350,442)
1 (10787,11124)
1 (39433,39637)
1 (2626,2838)
1 (25157,25204)
1 (5538,5964)
1 (23302,23535)
1 (7453,7455)
2 (7315,7453) (37969,38186)
1 (1354,1396)
1 (10551,10822)
1 (30300,30316)
1 (5686,6146)
1 (6873,7068)
1 (22238,22488)
2 (48532,48846) (49298,49334)
1 (19473,19923)
1 (46268,46695)
1 (30858,30939)
1 (29387,29514)
1 (20360,20404)
1 (3072,3342)
1 (9843,10076)
1 (28404,28501)
1 (4289,4623)
1 (12623,12895)
1 (43992,44323)
1 (9387,9421)
1 (16833,17021)
2 (6677,6873) (6904,7023)
1 (5964,6380)
1 (11110,11455)
1 (20570,20940)
1 (42568,42726)
1 (25005,25392)
1 (12835,13273)
1 (20496,20510)
1 (2312,2614)
1 (40952,41127)
1 (42624,42639)
1 (3194,3417)
1 (37455,37820)
1 (9482,9586)
1 (39807,39931)
2 (48443,48528) (49334,49569)
1 (25482,25979)
1 (4623,5008)
1 (8698,9102)
1 (43357,43758)
2 (3026,3194) (3342,3357)
1 (10319,10706)
1 (42907,42981)
1 (49569,49868)
1 (36867,37105)
1 (4634,4940)
2 (15422,15686) (36683,36867)
2 (47843,47910) (48418,48740)
1 (48740,48880)
1 (3596,3842)
1 (20129,20481)
2 (18389,18614) (36683,36867)
1 (26293,26491)
1 (7753,8048)
2 (44974,45203) (46523,46773)
2 (12670,12835) (12895,13006)
1 (6146,6621)
1 (8835,8984)
1 (2685,3040)
1 (46773,46799)
1 (11892,12182)
1 (20526,20859)
1 (13562,13655)
1 (23034,23101)
Case 18: Yes
1 (33180,33380)
1 (13780,13950)
1 (1365,1612)
1 (29833,29994)
1 (25363,25425)
1 (10833,11037)
1 (3503,3674)
1 (31502,31663)
1 (24672,24688)
1 (33988,34373)
1 (18026,18173)
1 (16501,16927)
1 (31279,31551)
1 (28455,28911)
1 (10538,10791)
1 (38770,38772)
1 (9211,9672)
2 (3488,3769) (48610,48652)
1 (12071,12339)
1 (513,845)
1 (23313,23574)
1 (4285,4491)
1 (22151,22284)
1 (19122,19398)
1 (4642,5092)
1 (48652,48995)
1 (26001,26140)
1 (39334,39650)
1 (14993,15245)
1 (47539,47850)
1 (39749,39837)
1 (31530,31908)
1 (7739,8211)
1 (45916,45946)
1 (8699,8712)
1 (19217,19464)
1 (28369,28525)
1 (35824,35902)
Case 19: Yes
1 (18786,18976)
1 (29761,30163)
1 (3911,4043)
1 (20178,20657)
1 (22997,23118)
1 (7513,7682)
1 (38364,38388)
1 (41263,41307)
1 (36825,37038)
1 (38701,39100)
1 (22376,22381)
1 (46488,46741)
1 (7161,7221)
1 (27105,27306)
1 (38440,38856)
1 (11516,11786)
1 (10654,10965)
1 (2562,2663)
1 (25612,26024)
1 (18928,19414)
1 (3911,4240)
1 (20062,20147)
1 (28992,29313)
1 (3994,4435)
1 (4527,4926)
1 (27014,27423)
1 (38182,38661)
1 (8216,8601)
1 (42927,42931)
1 (36172,36241)
1 (1135,1494)
1 (43434,43607)
1 (5853,6189)
1 (45034,45371)
2 (45457,45754) (47165,47227)
2 (29596,29651) (35641,36068)
1 (31219,31288)
1 (43004,43017)
1 (37324,37748)
1 (3053,3387)
1 (4821,5161)
1 (9830,9961)
1 (19386,19548)
1 (26530,26829)
1 (4418,4528)
1 (43834,43939)
1 (3115,3586)
1 (36068,36359)
1 (43281,43372)
1 (23611,23772)
1 (35641,36035)
1 (7799,8056)
1 (4652,5020)
1 (41020,41094)
1 (14275,14561)
2 (43025,43281) (44656,44718)
1 (17134,17369)
1 (9837,9873)
1 (10293,10598)
1 (4895,5284)
1 (30646,30975)
1 (1175,1496)
1 (23672,23775)
1 (9047,9052)
1 (45267,45705)
1 (8696,8899)
1 (25922,26196)
1 (13560,13912)
1 (2533,2623)
1 (35190,35403)
1 (13286,13353)
1 (36832,36859)
1 (35721,36179)
Case 20: Yes
1 (7647,7826)
1 (17163,17200)
1 (44791,45222)
1 (3889,4046)
1 (3756,3940)
1 (128,335)
1 (24756,24780)
1 (34899,35341)
1 (17892,17963)
1 (31656,31846)
1 (8943,9113)
1 (27340,27745)
1 (21823,22219)
1 (7178,7217)
1 (8535,8770)
1 (841,1128)
1 (34826,34972)
1 (122,173)
1 (40768,40962)
1 (39224,39452)
1 (23149,23242)
1 (25257,25540)
1 (21829,22067)
Case 21: Yes
1 (30769,31076)
1 (28954,29182)
1 (2851,2970)
1 (10918,10945)
1 (40154,40443)
1 (12493,12563)
1 (5390,5794)
1 (8296,8719)
1 (20303,20603)
1 (21591,21779)
1 (25945,25967)
1 (4782,4980)
0
1 (36616,36708)
1 (5663,5782)
1 (1208,1587)
1 (9615,9630)
1 (23143,23341)
2 (45369,45492) (46441,46665)
1 (18495,18707)
1 (13825,14315)
1 (8096,8218)
1 (35236,35250)
1 (4935,5072)
1 (7188,7257)
1 (4153,4637)
1 (8129,8372)
1 (20870,20952)
1 (42043,42128)
1 (17174,17336)
1 (35765,35788)
1 (36699,37135)
1 (7403,7703)
1 (3863,4181)
1 (46665,46845)
1 (1893,2261)
1 (11523,11852)
1 (37890,38363)
1 (4440,4509)
1 (37625,37687)
1 (39653,39903)
1 (15729,16130)
1 (6564,6930)
1 (24214,24280)
1 (8262,8553)
2 (44368,44503) (45769,46119)
1 (10539,10841)
1 (27686,28069)
1 (3031,3120)
1 (3052,3524)
1 (35667,35879)
1 (3235,3253)
1 (43071,43445)
1 (4536,4806)
1 (48816,48839)
1 (13965,14028)
1 (29395,29634)
Case 22: Yes
1 (13846,14243)
1 (1005,1051)
1 (11262,11523)
1 (25249,25335)
1 (9576,10053)
1 (20512,20538)
1 (13925,14111)
1 (6124,6129)
1 (32121,32191)
1 (34488,34601)
1 (23472,23823)
1 (307,505)
1 (15880,15943)
1 (41502,41842)
1 (38776,38923)
1 (39617,39896)
1 (45870,45893)
1 (2662,2720)
1 (19633,19766)
1 (40957,41351)
1 (44205,44369)
1 (8251,8594)
1 (5536,5631)
1 (26266,26413)
1 (25901,26247)
1 (14666,14863)
1 (9159,9352)
1 (22524,22616)
1 (17309,17776)
2 (48441,48597) (49475,49662)
1 (933,1208)
1 (27880,28346)
1 (41238,41322)
1 (29321,29364)
1 (24245,24633)
1 (42209,42454)
1 (18545,19023)
2 (40867,41238) (42164,42280)
1 (27937,28244)
1 (6032,6345)
1 (5068,5257)
1 (19027,19303)
1 (36741,36844)
1 (5535,5884)
1 (26362,26462)
1 (10876,11158)
1 (13577,13641)
1 (4695,4719)
1 (16546,17025)
1 (58,239)
1 (11143,11359)
1 (6708,6890)
1 (1001,1105)
1 (38825,39320)
1 (44353,44678)
1 (29064,29233)
2 (38703,38861) (41249,41304)
1 (38166,38593)
1 (23388,23517)
1 (47938,47985)
Case 23: Yes
1 (7630,7790)
1 (8096,8193)
1 (25088,25116)
1 (14655,15027)
1 (13827,13904)
1 (5783,6151)
Case 24: Yes
1 (30185,30251)
1 (7537,7713)
2 (30165,30185) (30251,30579)
1 (6885,7223)
1 (15830,15946)
1 (21482,21539)
Case 25: Yes
1 (15011,15280)
1 (16231,16687)
1 (12628,12720)
1 (30,367)
1 (44769,45103)
1 (28433,28802)
1 (9179,9224)
1 (40048,40396)
1 (13949,14032)
1 (3794,3982)
1 (43318,43490)
1 (21065,21470)
1 (215,495)
1 (10561,10972)
1 (46790,46831)
1 (48789,48987)
1 (1717,2155)
1 (45753,45915)
1 (32121,32366)
1 (36462,36774)
1 (48070,48142)
1 (20961,21103)
1 (33618,33974)
1 (11599,11896)
1 (9700,9911)
1 (3483,3628)
1 (38447,38665)
1 (39864,39879)
1 (15326,15511)
1 (12520,12986)
1 (22930,23373)
2 (41317,41449) (42532,42708)
1 (17080,17415)
1 (47309,47592)
1 (20951,21022)
1 (11734,11916)
2 (42708,42792) (47697,47704)
1 (43649,43850)
1 (5491,5979)
1 (1497,1869)
1 (9287,9704)
1 (43097,43454)
1 (1394,1519)
1 (13082,13509)
1 (5385,5388)
1 (36865,37248)
1 (42532,42594)
1 (2460,2875)
1 (1109,1481)
1 (21829,21987)
2 (42159,42495) (47096,47148)
1 (3216,3579)
1 (48755,48916)
1 (5557,5654)
2 (21662,21829) (29602,29681)
1 (30490,30755)
1 (42960,43154)
1 (34763,34917)
1 (14542,14810)
1 (1907,2359)
1 (9369,9418)
1 (3332,3792)
1 (574,710)
1 (32582,32592)
1 (17891,17974)
1 (1990,2426)
1 (1243,1541)
1 (47704,48125)
1 (27563,27829)
1 (2122,2370)
1 (40564,40659)
1 (44314,44460)
1 (47697,47808)
2 (2071,2122) (2155,2502)
1 (3623,3829)
2 (1937,2071) (2359,2547)
1 (43852,44089)
1 (10588,10962)
Case 26: Yes
1 (7973,8207)
1 (15385,15728)
1 (25407,25635)
1 (22569,22912)
1 (43092,43093)
1 (39865,40296)
1 (9914,10269)
1 (36284,36446)
1 (18184,18512)
1 (22041,22094)
1 (41592,41963)
1 (45773,46005)
1 (32916,32984)
1 (11489,11876)
1 (1177,1490)
2 (47489,47517) (48806,49050)
1 (5026,5028)
1 (17768,17790)
1 (7289,7742)
1 (8278,8483)
1 (3192,3661)
1 (22073,22214)
1 (25863,26123)
1 (6804,7011)
1 (10649,10710)
0
1 (4644,4707)
1 (623,1033)
1 (1079,1296)
2 (41462,41884) (44692,44745)
1 (44745,44942)
1 (45464,45553)
1 (236,547)
1 (8869,9121)
1 (24692,25002)
1 (5101,5352)
1 (4114,4334)
1 (44692,45028)
1 (8680,8892)
1 (45370,45444)
1 (17739,18163)
1 (2211,2239)
1 (6306,6576)
1 (1477,1966)
1 (4803,4818)
1 (13547,13955)
1 (33097,33441)
1 (1746,2205)
1 (49050,49347)
2 (1154,1177) (1296,1394)
1 (3181,3308)
1 (9328,9468)
1 (33758,33921)
1 (43342,43372)
Case 27: Yes
1 (3687,3809)
1 (40202,40227)
1 (44805,44925)
1 (8834,9081)
1 (16638,16846)
1 (39924,40348)
0
1 (1338,1556)
1 (30286,30410)
1 (25967,26403)
1 (2758,2943)
1 (7314,7728)
1 (370,721)
1 (42234,42717)
1 (6928,7339)
2 (6965,7314) (20222,20302)
1 (2983,3122)
1 (7799,7810)
1 (20807,20980)
1 (30481,30737)
3 (9960,10018) (11626,11700) (11758,11803)
1 (40720,40862)
1 (21374,21379)
1 (5376,5525)
1 (47680,48120)
1 (350,752)
1 (41064,41244)
1 (26208,26690)
1 (23784,24010)
1 (22568,22669)
1 (2567,2667)
1 (23690,23771)
1 (42155,42261)
1 (5315,5374)
1 (21963,22034)
1 (43099,43210)
1 (4060,4390)
1 (3262,3325)
1 (21908,22401)
1 (20137,20250)
1 (12938,13243)
1 (4974,5156)
1 (46239,46386)
1 (2425,2652)
1 (25286,25391)
1 (9120,9352)
1 (39918,40162)
1 (9460,9515)
1 (4348,4698)
1 (37713,38104)
1 (5953,6009)
1 (34051,34419)
1 (8540,8741)
1 (10342,10524)
1 (49026,49049)
1 (36902,37385)
1 (1838,2183)
1 (42999,43019)
1 (32143,32552)
1 (41109,41118)
1 (37860,38040)
2 (33668,34051) (34584,34683)
1 (38946,39213)
1 (39774,40163)
1 (44016,44103)
1 (3751,3867)
1 (465,753)
1 (43981,44152)
1 (11637,11695)
1 (24634,24664)
1 (6307,6419)
1 (24619,24658)
1 (48208,48631)
1 (431,792)
1 (37447,37842)
1 (2801,3267)
1 (47041,47435)
1 (9570,9898)
1 (38922,39125)
1 (46548,46572)
Case 28: Yes
1 (997,1255)
1 (34044,34256)
1 (9716,10178)
1 (22122,22161)
1 (34209,34326)
1 (40694,40764)
1 (11945,12411)
1 (29068,29403)
1 (28411,28616)
1 (22616,23028)
1 (23635,24026)
1 (27708,27727)
1 (43407,43693)
1 (1025,1088)
1 (37379,37529)
1 (7646,7666)
1 (11889,12210)
1 (31971,32461)
1 (9939,10217)
1 (47647,48111)
1 (8016,8048)
1 (24780,25215)
1 (13374,13842)
1 (37657,38010)
1 (45044,45260)
1 (19854,20274)
1 (16153,16437)
1 (40087,40163)
1 (7406,7801)
1 (6633,6971)
2 (39766,40000) (42196,42330)
1 (15281,15748)
1 (42998,43235)
1 (43905,44077)
2 (47587,47768) (49618,49789)
1 (18493,18579)
1 (19268,19498)
1 (7779,8103)
1 (10178,10207)
1 (14875,15009)
2 (49618,49775) (49789,49877)
2 (47534,47647) (47768,47944)
1 (6053,6457)
2 (9723,9939) (10207,10393)
1 (9259,9569)
1 (6655,6929)
1 (45477,45661)
1 (4327,4445)
1 (796,910)
1 (48599,48633)
1 (2189,2226)
1 (26592,26888)
1 (49028,49181)
Case 29: Yes
1 (7797,8107)
1 (15464,15746)
1 (34591,34630)
1 (37391,37524)
1 (38556,38981)
1 (11989,12014)
1 (18722,19086)
1 (38025,38241)
1 (43418,43620)
1 (17069,17411)
1 (26452,26608)
1 (24323,24446)
1 (23344,23369)
Case 30: Yes
1 (23270,23354)
1 (2316,2560)
1 (1029,1046)
1 (48280,48542)
1 (7686,7880)
1 (36083,36225)
1 (10609,10915)
1 (36949,37089)
1 (37595,37978)
1 (13814,13930)
1 (43226,43399)
1 (34193,34367)
1 (10614,11037)
1 (5375,5777)
1 (32644,33140)
1 (16784,17188)
1 (14159,14481)
1 (44621,44645)
1 (9619,9792)
1 (11071,11503)
1 (10578,10643)
1 (13448,13732)
1 (35444,35764)
1 (39201,39245)
1 (31927,31977)
1 (6583,6715)
1 (580,784)
1 (10057,10351)
1 (42494,42823)
1 (1113,1174)
1 (2538,2812)
1 (7832,8211)
1 (47602,47651)
1 (19945,20154)
1 (20492,20656)
1 (11405,11673)
1 (32968,33152)
1 (812,1248)
1 (29008,29146)
1 (21577,21983)
1 (45873,46158)
1 (23709,24091)
1 (15187,15323)
1 (30365,30780)
1 (37679,37810)
2 (45047,45343) (46172,46236)
1 (33634,33673)
1 (4424,4465)
1 (2227,2551)
1 (35126,35342)
1 (35869,36082)
2 (32458,32595) (41094,41296)
1 (12130,12549)
1 (10123,10300)
1 (25878,25952)
1 (17841,17880)
1 (22923,23208)
1 (17051,17253)
1 (7344,7345)
Case 31: Yes
1 (16917,17014)
1 (24682,25157)
1 (23008,23062)
1 (6029,6117)
1 (24181,24646)
1 (17983,18264)
1 (8764,9079)
1 (21996,22198)
1 (8217,8671)
1 (4635,4829)
1 (45142,45621)
1 (465,616)
1 (36075,36494)
1 (194,568)
1 (2798,3216)
1 (4933,5041)
1 (37146,37370)
1 (3491,3954)
1 (34776,34924)
1 (28576,29056)
1 (46518,46606)
1 (38602,38993)
1 (12452,12465)
1 (26758,27139)
1 (18509,18922)
1 (42898,43340)
1 (39460,39959)
1 (12691,12999)
1 (11835,12264)
1 (1465,1900)
1 (10197,10260)
1 (48167,48341)
1 (720,901)
1 (6960,7277)
1 (4383,4593)
1 (15895,16264)
1 (42019,42405)
1 (4088,4547)
1 (16113,16581)
1 (36016,36386)
2 (19389,19454) (21755,22082)
1 (46311,46365)
1 (30788,31245)
1 (45832,46058)
1 (8607,8793)
1 (2404,2593)
1 (13938,14066)
1 (30276,30296)
1 (47998,48340)
1 (9432,9482)
1 (15956,16230)
1 (43806,44261)
1 (44991,45215)
1 (36781,36929)
1 (26906,27043)
1 (40428,40759)
1 (29765,30256)
1 (12134,12571)
1 (38073,38429)
1 (5576,5779)
1 (40285,40682)
1 (34433,34639)
1 (5331,5810)
1 (46574,46695)
1 (33907,34248)
1 (2036,2478)
1 (26654,26688)
1 (35163,35408)
1 (39699,40131)
1 (5126,5308)
1 (13799,14230)
1 (10795,11209)
1 (4391,4441)
1 (48448,48758)
2 (42014,42042) (43452,43673)
1 (11419,11743)
1 (43673,43802)
1 (39508,39917)
1 (31616,32062)
Case 32: Yes
1 (26520,26637)
1 (15833,15922)
1 (667,959)
1 (37144,37307)
1 (33473,33571)
1 (8190,8248)
2 (40887,40936) (43670,44061)
1 (14258,14751)
1 (44061,44080)
1 (5485,5909)
2 (5171,5485) (5909,6056)
2 (26179,26520) (26637,26690)
1 (3052,3119)
2 (8175,8190) (8248,8698)
1 (8984,9030)
1 (27972,28446)
1 (44080,44332)
1 (22179,22606)
Case 33: Yes
1 (40123,40415)
1 (7389,7747)
1 (4260,4538)
1 (645,969)
1 (13273,13645)
1 (46487,46788)
1 (17122,17588)
1 (30830,31148)
1 (3593,3965)
1 (36772,36899)
1 (22255,22286)
1 (28838,29326)
1 (19790,19929)
1 (42750,43178)
1 (39809,40043)
1 (46619,47091)
1 (39976,40198)
1 (3846,4073)
1 (13885,14290)
1 (1704,1967)
1 (4638,4815)
1 (38527,38940)
1 (44202,44425)
2 (43775,44202) (46155,46188)
1 (26838,26895)
Case 34: Yes
1 (23442,23712)
1 (14918,15116)
1 (4226,4340)
1 (157,590)
1 (3022,3216)
1 (6395,6641)
1 (5757,5793)
1 (27518,27957)
1 (34452,34759)
1 (3921,4014)
1 (4340,4512)
1 (1028,1293)
1 (40392,40581)
1 (46147,46451)
1 (6940,6989)
1 (37276,37516)
2 (7396,7400) (27957,28186)
1 (26537,26843)
1 (35552,35566)
1 (3230,3407)
1 (817,953)
1 (23985,24166)
1 (9621,9723)
1 (27104,27144)
1 (4550,4831)
1 (36325,36644)
1 (42155,42653)
1 (8407,8875)
1 (38606,38745)
1 (5246,5686)
1 (5083,5110)
1 (23712,23839)
1 (14499,14710)
1 (25102,25523)
1 (46907,47252)
1 (36690,37026)
1 (1293,1741)
1 (47781,47877)
1 (33914,33968)
2 (38867,39236) (43900,43998)
2 (34285,34452) (34759,35066)
1 (14146,14227)
1 (5793,6101)
1 (3451,3718)
1 (39851,40185)
2 (37253,37276) (37516,37931)
2 (23181,23442) (23839,23922)
1 (12227,12442)
1 (10954,11353)
1 (1867,2105)
1 (7506,7538)
1 (45150,45156)
2 (9385,9621) (9723,9773)
1 (590,795)
1 (45190,45674)
1 (28186,28190)
2 (41047,41290) (42653,42765)
1 (48002,48003)
1 (44726,44935)
1 (31922,32137)
2 (14227,14499) (14710,14895)
2 (26843,27104) (27144,27280)
4 (795,817) (953,1028) (1741,1867) (2105,2219)
2 (23922,23985) (24166,24174)
1 (11353,11505)
1 (49253,49259)
2 (6101,6395) (6641,6756)
1 (10239,10324)
1 (43998,44057)
1 (30919,31406)
1 (29836,30140)
4 (2719,3022) (3216,3230) (3407,3451) (3718,3725)
1 (17240,17591)
1 (31406,31682)
2 (4512,4550) (4831,4942)
1 (4014,4059)
2 (44057,44109) (44369,44517)
1 (20348,20736)
2 (46680,46907) (47252,47499)
1 (20736,21031)
2 (17107,17240) (17591,17931)
Case 35: Yes
1 (5721,6083)
1 (3949,4339)
1 (17687,18061)
1 (29706,29735)
1 (1451,1932)
1 (31140,31203)
1 (2231,2298)
1 (5958,6255)
1 (27902,28326)
1 (5702,5917)
1 (3052,3524)
1 (22080,22412)
1 (43418,43839)
1 (18984,19348)
1 (47446,47577)
1 (18660,18872)
1 (13514,13957)
1 (42246,42619)
1 (25412,25584)
1 (4862,4876)
1 (16454,16546)
1 (46287,46473)
1 (14253,14276)
1 (34461,34852)
1 (3768,4103)
1 (43933,44294)
1 (27925,28196)
1 (9879,10245)
1 (31229,31307)
1 (16226,16466)
1 (6625,6754)
1 (30770,30902)
1 (36270,36753)
1 (3571,3785)
1 (11392,11885)
1 (47299,47769)
2 (5141,5154) (9856,9879)
2 (35961,36270) (39693,39821)
1 (40354,40550)
1 (24807,24845)
1 (3091,3524)
1 (45730,45903)
1 (27439,27833)
1 (44150,44597)
1 (22307,22709)
1 (46125,46367)
1 (9969,10091)
1 (3509,3934)
1 (24000,24300)
1 (13097,13470)
1 (8015,8498)
1 (10603,11005)
1 (43415,43589)
1 (37176,37468)
1 (7974,8044)
1 (2746,2815)
2 (45632,45717) (47005,47272)
1 (47846,47903)
1 (43727,44080)
1 (13428,13582)
1 (3536,3698)
1 (25453,25824)
1 (35839,36289)
1 (47272,47295)
1 (24339,24414)
1 (12213,12280)
1 (27836,28059)
1 (4172,4463)
1 (40695,41018)
1 (31331,31736)
1 (4007,4274)
1 (11418,11542)
1 (2875,3252)
1 (8807,9026)
1 (44079,44299)
1 (40305,40547)
1 (19691,19707)
1 (36536,36764)
1 (8709,8712)
1 (3775,3793)
1 (47632,47812)
1 (9253,9358)
Case 36: Yes
1 (29402,29594)
1 (19740,19881)
1 (43225,43360)
1 (18318,18535)
1 (22106,22434)
1 (25740,25927)
1 (3111,3308)
1 (17341,17767)
1 (14785,15019)
1 (32676,32918)
1 (9765,9822)
1 (37801,38129)
1 (21389,21445)
1 (28139,28272)
1 (46898,47108)
1 (5491,5737)
1 (12860,13217)
1 (44097,44461)
1 (48382,48552)
1 (27762,27870)
1 (22356,22528)
1 (4346,4617)
1 (26601,26899)
1 (16133,16482)
1 (26048,26423)
1 (44079,44124)
1 (1639,1889)
1 (11000,11430)
1 (1813,2033)
1 (8225,8393)
1 (2862,3194)
1 (15427,15621)
1 (20952,21141)
1 (889,956)
1 (46601,46851)
1 (1172,1280)
1 (40631,40672)
1 (48158,48395)
1 (48476,48619)
1 (33656,34100)
1 (24697,24770)
1 (2122,2286)
1 (43113,43570)
1 (9191,9440)
1 (24132,24432)
1 (35440,35582)
1 (4218,4456)
1 (11101,11339)
1 (48883,49098)
1 (7843,8030)
1 (23833,24300)
1 (13095,13381)
1 (8359,8719)
1 (12469,12520)
1 (4089,4120)
1 (24959,25081)
1 (48715,48725)
1 (36776,36971)
1 (42173,42361)
Case 37: Yes
1 (19950,20316)
1 (16895,17345)
1 (22032,22146)
1 (8275,8545)
1 (9769,10114)
1 (20500,20610)
1 (35821,36242)
1 (7875,8326)
1 (26066,26425)
1 (28630,28794)
1 (8869,9278)
1 (36621,36877)
1 (11109,11275)
1 (42083,42125)
1 (1599,1648)
1 (20166,20624)
1 (21489,21621)
1 (15219,15574)
2 (10945,11109) (13200,13205)
1 (46883,46921)
1 (96,471)
1 (12334,12725)
1 (12117,12312)
1 (21913,22174)
1 (11081,11418)
1 (213,385)
1 (41576,41605)
1 (973,1368)
1 (7383,7433)
1 (48976,49365)
1 (46363,46720)
1 (5285,5631)
1 (16277,16564)
1 (46986,47314)
1 (32473,32909)
1 (25134,25525)
1 (38597,39027)
1 (2420,2473)
1 (2009,2098)
1 (3048,3508)
1 (36778,37138)
1 (46469,46699)
1 (13868,13903)
1 (1727,2045)
1 (18636,18752)
1 (2930,3267)
1 (47002,47175)
1 (32313,32374)
1 (11595,11975)
1 (48252,48457)
1 (39422,39692)
1 (22921,23057)
1 (21996,22222)
1 (41761,42133)
1 (18335,18558)
1 (45371,45443)
1 (664,809)
1 (32717,33015)
1 (1447,1824)
1 (368,759)
1 (31464,31940)
1 (7723,8193)
1 (36746,36788)
1 (7112,7428)
1 (28251,28460)
1 (8520,8992)
1 (13489,13893)
1 (34398,34459)
2 (38441,38733) (41576,41761)
1 (46431,46492)
1 (12366,12581)
1 (1381,1523)
3 (16400,16451) (21595,21748) (21799,22019)
1 (47674,47725)
1 (21748,21917)
2 (47932,48215) (49130,49219)
1 (9709,9968)
1 (28188,28442)
1 (5494,5953)
1 (27377,27865)
1 (37991,38477)
2 (24307,24522) (34574,34766)
1 (2535,2576)
1 (4,470)
1 (332,513)
1 (21437,21475)
1 (44675,44691)
Case 38: Yes
1 (31636,31835)
1 (4045,4141)
1 (2060,2191)
1 (13422,13880)
1 (42712,43141)
1 (38743,39089)
1 (42863,43005)
1 (35184,35536)
1 (544,881)
1 (4123,4607)
1 (9188,9527)
1 (11586,11693)
Case 39: Yes
1 (11859,12096)
1 (21283,21476)
1 (4659,4815)
1 (5911,6119)
1 (16848,17237)
1 (13236,13482)
1 (15148,15479)
1 (393,424)
1 (11024,11189)
1 (14813,14929)
1 (8615,8628)
1 (31648,31817)
1 (29636,29952)
1 (269,297)
1 (1237,1469)
1 (911,977)
1 (4483,4529)
1 (39848,40017)
2 (38203,38607) (41229,41321)
1 (8344,8405)
1 (41321,41383)
1 (3902,4290)
1 (17696,17945)
2 (7945,8344) (15390,15454)
1 (23076,23269)
1 (43772,44144)
1 (16079,16401)
Case 40: Yes
1 (14867,15335)
1 (5144,5624)
1 (1490,1977)
1 (33346,33370)
1 (40544,40763)
1 (2555,2854)
1 (3778,4232)
1 (18260,18603)
1 (22530,22543)
1 (18628,18852)
1 (11685,11965)
1 (32883,33360)
1 (4023,4176)
1 (45595,45869)
1 (37223,37282)
1 (15728,15938)
1 (41045,41400)
1 (2744,3012)
1 (34181,34600)
1 (15055,15527)
1 (27878,28092)
1 (4041,4200)
1 (963,1312)
1 (13870,13933)
1 (39597,39665)
1 (26316,26438)
1 (47683,47872)
1 (26079,26323)
1 (8446,8662)
1 (32138,32396)
1 (39874,39942)
1 (40087,40440)
1 (45539,45617)
1 (16796,17191)
1 (16660,16846)
1 (2233,2523)
1 (2000,2082)
1 (42458,42650)
1 (34655,35023)
1 (10390,10870)
1 (38668,38970)
1 (24453,24677)
Case 41: Yes
1 (24058,24148)
Case 42: Yes
1 (7324,7540)
1 (47126,47150)
1 (4483,4658)
1 (38302,38330)
1 (13801,13856)
1 (26563,26645)
1 (6359,6400)
1 (9805,9920)
1 (29964,30142)
1 (12168,12382)
1 (10589,10677)
1 (8411,8893)
1 (11464,11803)
1 (3479,3739)
1 (19888,20125)
1 (24686,24821)
2 (47556,47723) (49448,49525)
1 (42150,42580)
1 (1446,1787)
1 (13989,14275)
1 (5859,6151)
1 (17088,17478)
1 (40034,40137)
1 (45471,45823)
1 (21392,21432)
1 (45845,46161)
2 (39630,39820) (43762,43777)
1 (43777,44132)
1 (2130,2398)
1 (4132,4561)
1 (1111,1183)
1 (6668,7162)
1 (14829,15068)
1 (14280,14723)
1 (2614,2956)
1 (4972,5348)
1 (12389,12748)
1 (3669,4098)
1 (34286,34670)
1 (4006,4014)
1 (11709,12161)
1 (14101,14542)
1 (27570,27647)
1 (5155,5467)
1 (40974,41283)
1 (41889,42172)
1 (305,798)
1 (5990,6288)
1 (688,841)
1 (35574,35633)
1 (9152,9556)
1 (20714,21044)
1 (5820,6172)
1 (27066,27541)
1 (26563,26905)
2 (46393,46426) (47797,48186)
1 (40991,41365)
1 (42775,43202)
1 (7831,7947)
1 (1014,1452)
1 (39556,39672)
1 (22462,22814)
1 (25873,26186)
1 (34196,34506)
1 (16299,16448)
2 (48186,48545) (49448,49539)
1 (37197,37514)
1 (19522,19673)
1 (47797,48108)
1 (14430,14886)
1 (10317,10513)
1 (48601,49098)
2 (43762,44058) (49265,49319)
1 (19128,19490)
1 (30042,30197)
1 (41292,41296)
1 (17234,17709)
1 (43382,43403)
1 (6764,6879)
1 (39282,39761)
1 (5430,5647)
1 (21206,21442)
1 (868,1157)
1 (40629,40835)
1 (13492,13817)
2 (5657,5990) (6151,6283)
1 (43611,43817)
2 (41385,41419) (41946,42275)
1 (10046,10277)
1 (9603,9690)
2 (43459,43762) (43817,43865)
1 (21851,22066)
1 (17961,17994)
1 (37506,37510)
1 (28773,28916)
Case 43: Yes
1 (19981,20183)
1 (6368,6744)
1 (28513,28524)
1 (26989,27407)
1 (6990,7225)
1 (5107,5382)
1 (1649,2074)
1 (31958,32308)
1 (26124,26519)
1 (5603,5704)
1 (15950,16187)
1 (37493,37661)
1 (33899,34076)
1 (23679,24107)
1 (14364,14781)
1 (2700,3082)
1 (26259,26750)
1 (23206,23377)
1 (41782,41919)
1 (1837,1920)
1 (48325,48416)
1 (10098,10523)
1 (38373,38378)
1 (3876,4167)
1 (6629,6786)
1 (5581,5837)
1 (21045,21258)
1 (14123,14460)
1 (2274,2556)
2 (45971,46025) (47778,47894)
1 (10967,11325)
1 (10898,11059)
1 (2235,2255)
1 (2023,2447)
1 (47894,48209)
1 (30748,31136)
1 (5031,5235)
1 (44956,45176)
1 (9921,10120)
1 (716,929)
1 (28909,29271)
1 (15879,16368)
1 (34775,34977)
1 (25394,25769)
1 (5747,6003)
1 (410,474)
1 (2794,3276)
1 (1072,1307)
1 (47778,48274)
1 (37026,37336)
1 (45196,45290)
1 (2714,2976)
1 (28995,29042)
1 (40164,40259)
1 (43356,43828)
1 (13623,13757)
1 (879,1251)
1 (38020,38505)
1 (45842,46334)
1 (44106,44116)
1 (13081,13348)
1 (22477,22576)
1 (1797,1874)
1 (1873,2063)
1 (10930,11000)
1 (7706,7883)
3 (27062,27067) (33342,33511) (33516,33691)
1 (10007,10356)
1 (35094,35119)
1 (6925,7086)
1 (43046,43114)
1 (18542,18612)
1 (2357,2387)
1 (45993,46143)
1 (14195,14271)
1 (46384,46570)
1 (24639,24907)
1 (47131,47460)
1 (16922,17361)
1 (17427,17689)
1 (487,617)
1 (13863,14132)
1 (16917,17166)
1 (15312,15558)
1 (49040,49236)
1 (42265,42348)
1 (31631,31685)
1 (3106,3155)
1 (41054,41375)
1 (45417,45659)
1 (30619,30667)
1 (7605,8025)
1 (47645,47793)
1 (13399,13551)
1 (13448,13525)
1 (3903,4036)
1 (44217,44405)
1 (33511,33939)
Case 44: Yes
1 (20610,20908)
1 (31547,31604)
1 (10056,10163)
1 (18062,18159)
1 (1044,1259)
1 (30395,30851)
2 (30304,30425) (36776,37037)
1 (19329,19669)
1 (20134,20587)
1 (37037,37040)
1 (12099,12278)
1 (14965,15362)
1 (8252,8653)
1 (36776,37243)
1 (5277,5493)
1 (4931,5081)
1 (30100,30191)
1 (13462,13476)
1 (14579,14595)
1 (26427,26503)
1 (8522,8689)
1 (8172,8619)
Case 45: Yes
1 (38529,38589)
1 (2260,2318)
1 (32692,33126)
1 (16991,17424)
1 (23291,23312)
1 (38396,38472)
1 (28995,29213)
1 (3558,3705)
1 (12423,12698)
1 (45880,46195)
1 (8925,8997)
1 (1708,2044)
1 (38190,38658)
1 (4203,4659)
1 (43477,43953)
1 (22702,23090)
1 (26507,26980)
1 (28673,28964)
1 (2686,2742)
2 (34083,34311) (44381,44397)
1 (3025,3218)
1 (4110,4598)
1 (13467,13607)
2 (4027,4203) (4598,4832)
1 (34518,34590)
1 (31748,32129)
1 (45112,45335)
1 (26179,26255)
1 (1901,1922)
1 (39707,39975)
1 (44397,44567)
1 (921,1256)
1 (46529,46860)
1 (42687,42851)
1 (43523,43670)
1 (27790,28029)
1 (44381,44475)
1 (26686,26980)
1 (23107,23439)
1 (706,799)
1 (28197,28637)
1 (21616,22097)
1 (6919,7329)
1 (12883,13256)
1 (10864,11300)
1 (36965,37005)
1 (46488,46778)
2 (6823,6919) (41004,41203)
1 (6937,7196)
1 (6043,6312)
1 (17038,17066)
1 (34734,35221)
1 (15614,15922)
1 (13040,13254)
2 (6905,6937) (7196,7455)
1 (43844,44326)
1 (17802,17812)
1 (4659,5027)
1 (33143,33424)
1 (2350,2792)
1 (13254,13690)
1 (40752,41015)
1 (48568,48692)
2 (12651,13040) (13276,13324)
1 (3487,3791)
1 (23557,23584)
1 (8765,9076)
1 (42036,42047)
1 (36477,36525)
1 (7329,7587)
1 (43314,43446)
1 (4832,5286)
1 (32887,33178)
1 (40341,40437)
2 (13397,13467) (13607,13612)
1 (27242,27470)
1 (28635,28910)
1 (1431,1848)
1 (36666,36854)
1 (47049,47271)
1 (627,736)
1 (43670,43713)
2 (1848,1901) (1922,2013)
1 (21848,22155)
3 (30794,31004) (32847,32887) (33126,33143)
1 (27040,27249)
1 (6224,6555)
1 (6053,6192)
3 (43489,43523) (43713,43844) (43953,44077)
1 (44475,44477)
1 (7587,7805)
Case 46: Yes
1 (6398,6771)
1 (45204,45350)
1 (30294,30622)
1 (20654,21018)
1 (34952,35229)
1 (15683,15692)
1 (7514,7663)
1 (39208,39539)
Case 47: Yes
1 (8786,8871)
1 (2589,2977)
1 (16125,16227)
1 (23314,23807)
1 (41971,42232)
1 (28726,29094)
1 (7232,7301)
1 (14462,14665)
0
1 (14802,14823)
1 (25029,25170)
1 (1827,2202)
1 (45778,46217)
1 (2202,2526)
1 (10984,11222)
1 (2977,3079)
1 (37540,37753)
Case 48: Yes
1 (623,960)
1 (7304,7448)
1 (28577,28876)
1 (13246,13455)
1 (3392,3484)
1 (34592,35057)
1 (15881,15995)
1 (4449,4747)
1 (39247,39391)
1 (45528,45921)
1 (6739,6913)
1 (34513,34913)
1 (28956,29454)
1 (46673,47143)
1 (10965,11197)
1 (12674,12709)
2 (12577,12674) (15507,15660)
1 (7593,7615)
1 (1507,1967)
1 (43012,43258)
1 (40379,40579)
1 (27033,27106)
1 (3402,3578)
1 (4100,4301)
1 (217,319)
1 (13126,13600)
1 (6522,6643)
1 (4034,4105)
1 (2768,2804)
2 (36423,36621) (40846,40933)
1 (25489,25752)
1 (19869,19870)
1 (4256,4750)
1 (43066,43492)
1 (44930,45065)
1 (10968,11090)
1 (3443,3466)
1 (6431,6649)
1 (49026,49443)
1 (45298,45424)
1 (45886,45963)
1 (3014,3201)
1 (40933,41004)
1 (5649,5975)
1 (9867,9973)
1 (32519,32706)
1 (23077,23527)
1 (28559,28941)
1 (5462,5829)
1 (5,395)
1 (9611,9990)
1 (42291,42705)
1 (2273,2364)
1 (968,1086)
1 (39209,39214)
1 (30466,30758)
2 (42786,43066) (44793,44883)
1 (45952,46387)
1 (41823,42276)
1 (44211,44282)
1 (45488,45897)
1 (67,159)
1 (1017,1377)
1 (40846,40948)
2 (25641,25734) (26218,26421)
1 (31649,31873)
1 (1020,1119)
2 (32219,32519) (35016,35079)
1 (26421,26575)
1 (43146,43490)
1 (8092,8181)
1 (47023,47198)
1 (37346,37739)
1 (11553,12043)
Case 49: Yes
1 (26474,26693)
1 (15990,16031)
1 (34225,34612)
1 (696,1175)
1 (86,414)
1 (16760,16944)
1 (25390,25733)
2 (38576,38793) (44055,44132)
1 (4762,5174)
1 (40945,40968)
1 (21459,21952)
1 (28463,28832)
1 (36863,36901)
1 (17465,17505)
1 (6691,6805)
1 (19368,19374)
1 (2896,3283)
1 (7124,7516)
1 (25233,25491)
1 (44132,44553)
1 (377,595)
1 (44055,44454)
1 (11350,11603)
1 (45666,45826)
1 (4866,5089)
1 (19893,20328)
1 (5259,5486)
1 (5581,5929)
1 (34498,34618)
1 (13043,13340)
1 (18609,18879)
1 (5507,5856)
1 (28165,28654)
1 (14825,14857)
1 (35869,36016)
1 (2544,2729)
1 (2089,2358)
1 (8720,8724)
1 (46621,47018)
1 (46117,46180)
1 (35396,35666)
1 (36226,36622)
2 (46596,46754) (48339,48445)
1 (23307,23580)
Case 50: Yes
1 (2654,2758)
1 (10373,10595)
1 (28673,28926)
1 (30307,30465)
1 (37469,37771)
1 (46217,46435)
1 (21968,22300)
1 (650,892)
1 (20541,20912)
1 (19249,19252)
1 (12143,12223)
1 (351,774)
1 (25807,26277)
1 (12213,12705)
1 (19396,19892)
1 (21156,21346)
1 (37043,37218)
1 (14819,15085)
1 (6849,7347)
1 (10239,10246)
1 (36173,36425)
1 (10621,10890)
1 (27355,27787)
1 (7406,7777)
1 (6626,6836)
1 (33329,33499)
1 (7199,7280)
1 (19645,19988)
1 (6767,7111)
1 (4974,5274)
1 (47991,48052)
2 (47064,47084) (48431,48510)
1 (8878,9046)
1 (20998,21381)
1 (40575,40591)
1 (1928,2071)
1 (1805,2102)
2 (41151,41434) (46348,46464)
1 (18075,18532)
1 (1581,1983)
1 (16359,16505)
1 (2392,2493)
2 (17285,17457) (41673,41822)
1 (45439,45611)
1 (46464,46873)
1 (5233,5463)
1 (23628,23632)
1 (11509,11918)
1 (46348,46448)
1 (48510,48638)
1 (8617,8791)
1 (16778,17231)
1 (749,1041)
1 (13434,13628)
1 (49015,49191)
1 (47745,47843)
1 (47273,47406)
1 (4151,4430)
1 (8570,8742)
1 (45809,45869)
1 (6042,6101)
2 (48319,48415) (48431,48814)
1 (41822,41952)
2 (48431,48580) (48814,49081)
1 (42524,42533)
1 (1165,1232)
1 (19441,19823)
1 (11807,12168)
1 (5821,6057)
1 (12313,12624)
1 (21457,21891)
1 (31876,32185)
1 (49081,49148)
1 (43238,43442)
1 (9464,9627)
1 (6879,7349)
1 (41673,41925)
1 (17558,18052)
2 (47851,48233) (48814,48923)
1 (8192,8601)
1 (24697,24785)
1 (16561,16612)
1 (39507,39949)
1 (33171,33232)
1 (129,625)
1 (32371,32583)
1 (7762,8123)
1 (356,719)
1 (22036,22251)
1 (44233,44396)
2 (46923,47060) (47501,47583)
1 (11266,11747)
1 (7897,8344)
Case 51: Yes
1 (31896,32076)
1 (10832,11057)
1 (22158,22401)
1 (14799,14987)
1 (33839,33881)
1 (7215,7446)
1 (8230,8728)
1 (38242,38639)
1 (7521,7869)
1 (7325,7528)
1 (451,864)
1 (22378,22600)
1 (35063,35449)
1 (36962,37238)
1 (2970,3388)
1 (3295,3565)
1 (1472,1691)
1 (10851,11064)
1 (37264,37309)
1 (4185,4332)
1 (37728,37794)
1 (49012,49269)
1 (25312,25702)
1 (48045,48226)
1 (26740,27191)
1 (40530,40773)
1 (2965,3156)
1 (26366,26393)
1 (35431,35663)
1 (11504,11908)
1 (4723,5094)
1 (16425,16498)
1 (40966,41462)
1 (38627,38675)
1 (2362,2666)
1 (38298,38520)
2 (45385,45697) (48606,48761)
1 (11845,11882)
1 (39346,39642)
1 (43985,44112)
1 (25824,26030)
2 (44184,44378) (46074,46367)
1 (4897,5145)
1 (33543,33575)
1 (26246,26360)
1 (13277,13731)
1 (9376,9406)
1 (12720,12884)
1 (19847,20331)
2 (48606,48733) (48761,49103)
1 (46367,46640)
1 (49103,49197)
1 (23839,23994)
1 (44333,44608)
1 (1960,2045)
1 (19645,19848)
1 (16272,16618)
1 (37946,38016)
2 (48006,48340) (48761,48775)
2 (42384,42483) (45327,45361)
1 (21871,22038)
Case 52: Yes
1 (19939,20224)
1 (6240,6336)
1 (15442,15640)
1 (1658,2118)
1 (36745,36799)
1 (19277,19340)
1 (31078,31411)
1 (1425,1476)
1 (10718,11090)
1 (44027,44151)
1 (6931,7389)
1 (33671,34043)
1 (4157,4296)
1 (14214,14596)
1 (4916,5413)
1 (9509,9824)
1 (39012,39294)
2 (44002,44027) (44151,44235)
1 (22978,23308)
1 (21547,21726)
1 (28705,29084)
2 (9383,9509) (9824,10036)
1 (46392,46713)
1 (25993,26386)
1 (37088,37463)
1 (32111,32348)
1 (44897,45321)
1 (11783,12278)
1 (36323,36597)
1 (27097,27228)
1 (17916,18306)
1 (41243,41502)
1 (7881,7977)
Case 53: Yes
1 (1869,2162)
1 (8177,8372)
1 (26143,26562)
1 (29850,29951)
1 (14305,14524)
1 (18144,18343)
1 (198,477)
1 (48022,48194)
1 (25065,25409)
1 (7453,7704)
1 (4664,4693)
1 (18742,18833)
1 (13614,13796)
1 (5749,6006)
1 (42850,43096)
1 (24127,24164)
1 (11947,12315)
1 (12066,12303)
1 (10764,11080)
1 (44144,44457)
1 (24998,25070)
1 (25669,26115)
1 (7986,8320)
1 (38600,38634)
1 (42435,42489)
1 (48710,49002)
1 (6011,6449)
1 (13101,13124)
1 (47148,47352)
1 (4661,5003)
1 (15701,15844)
1 (25759,25782)
1 (47662,47947)
1 (38847,39183)
1 (44109,44345)
1 (1428,1721)
1 (39337,39347)
1 (36637,36664)
1 (41927,42038)
1 (8118,8219)
1 (3333,3454)
1 (18655,19098)
1 (6443,6867)
1 (12289,12621)
1 (13684,13685)
1 (13192,13598)
1 (30859,30920)
1 (3508,3672)
1 (5539,5671)
1 (49343,49777)
1 (42341,42518)
Case 54: Yes
1 (3619,3644)
1 (14778,15006)
1 (12074,12535)
1 (327,492)
1 (6102,6242)
1 (12278,12630)
1 (5086,5264)
1 (9099,9100)
1 (438,795)
1 (9148,9521)
1 (40589,40761)
1 (41818,42289)
1 (4154,4551)
1 (48789,48904)
1 (37804,38202)
1 (29192,29676)
1 (20235,20404)
1 (31142,31551)
1 (1542,1655)
1 (8338,8621)
2 (28396,28700) (46125,46296)
1 (8082,8428)
1 (23354,23800)
1 (40369,40371)
1 (18969,19282)
1 (18036,18379)
1 (35456,35900)
1 (40751,40951)
1 (3535,3601)
1 (39531,39728)
1 (46296,46688)
1 (16068,16323)
1 (5484,5913)
1 (4802,5049)
1 (30705,30716)
1 (46125,46569)
1 (21871,22288)
1 (48212,48623)
2 (11876,12278) (12535,12629)
1 (48973,49423)
1 (9772,9867)
1 (41039,41117)
1 (48914,49119)
1 (18061,18208)
1 (6330,6415)
1 (42949,43331)
Case 55: Yes
1 (28408,28438)
1 (18934,19135)
1 (1885,2146)
1 (41059,41268)
1 (20085,20195)
1 (47442,47741)
1 (42592,42964)
1 (4590,5034)
1 (8647,8692)
1 (18989,19261)
1 (22090,22476)
2 (14450,14646) (19925,20085)
1 (37739,37755)
1 (39909,40328)
1 (45940,46048)
2 (19925,20085) (28190,28421)
2 (43271,43372) (48040,48430)
1 (25036,25266)
1 (7253,7271)
1 (11611,11898)
1 (22859,23092)
1 (36644,36912)
1 (10583,11021)
1 (24350,24443)
0
1 (36961,36968)
1 (34715,35057)
1 (24182,24395)
2 (45658,45742) (48040,48353)
1 (10169,10316)
1 (14441,14522)
1 (42496,42849)
1 (993,1247)
1 (24409,24471)
1 (17680,17856)
2 (16928,17089) (47356,47518)
1 (31723,31852)
1 (13555,13797)
1 (26132,26243)
1 (29588,29711)
2 (36141,36466) (36977,37020)
1 (6724,7107)
1 (14426,14671)
1 (2176,2622)
1 (37020,37086)
1 (10461,10551)
1 (3671,3889)
1 (8478,8748)
1 (16871,17274)
1 (11929,12366)
1 (19445,19455)
1 (18898,18960)
1 (48430,48497)
2 (36977,37060) (46341,46656)
1 (9788,10261)
Case 56: Yes
1 (2873,3153)
1 (9435,9629)
1 (16512,16615)
1 (17467,17535)
2 (4861,5110) (17389,17467)
4 (7658,7862) (17389,17467) (20302,20345) (20549,20677)
1 (36389,36756)
1 (7251,7738)
1 (39890,40185)
2 (34509,34650) (48014,48156)
1 (13709,13782)
1 (28139,28385)
1 (2805,3030)
1 (4277,4449)
1 (21769,22089)
1 (898,1054)
1 (4468,4543)
1 (614,909)
1 (40583,40888)
1 (19543,19838)
1 (18583,18912)
1 (3746,4136)
1 (15271,15564)
1 (2874,3152)
1 (39673,39839)
1 (6635,7038)
1 (32234,32330)
1 (22733,22888)
1 (44193,44539)
1 (3313,3551)
1 (12729,13149)
1 (420,505)
0
1 (10543,10887)
1 (20651,20947)
1 (3068,3244)
1 (21386,21486)
1 (697,842)
1 (48156,48525)
1 (6278,6310)
1 (11201,11541)
1 (34057,34519)
1 (5115,5368)
1 (48014,48150)
1 (15083,15336)
1 (7704,7803)
1 (45404,45859)
1 (13960,14187)
1 (33023,33291)
1 (29520,29572)
1 (45992,46236)
1 (40028,40333)
1 (333,536)
1 (31157,31232)
1 (46600,46959)
1 (3598,3728)
1 (3823,4318)
1 (5089,5269)
1 (8624,8823)
1 (30062,30190)
1 (1801,1837)
1 (26364,26761)
1 (29393,29689)
1 (5477,5811)
1 (27264,27475)
1 (39090,39524)
1 (23711,23725)
1 (14676,15175)
1 (623,829)
1 (17736,18161)
1 (47015,47030)
1 (838,1125)
1 (1725,1871)
1 (48678,48866)
1 (13489,13890)
1 (512,906)
1 (2702,3167)
1 (8252,8266)
1 (31598,32028)
1 (38936,39408)
1 (45705,45838)
1 (21291,21309)
1 (20253,20377)
1 (8726,9205)
1 (8010,8334)
1 (42768,43091)
1 (30397,30745)
1 (15779,15991)
1 (7429,7469)
2 (48132,48523) (49164,49271)
1 (46548,47013)
1 (10703,10807)
1 (43309,43710)
1 (34626,34707)
1 (23524,23774)
1 (14301,14714)
1 (417,647)
1 (20345,20574)
1 (12677,13166)
1 (46320,46462)
Case 57: Yes
1 (27682,27845)
1 (13043,13099)
1 (22112,22571)
1 (47277,47596)
1 (1236,1278)
1 (21357,21578)
1 (16442,16650)
1 (33910,34371)
1 (6416,6869)
1 (23745,23887)
1 (43989,44275)
1 (39693,39939)
1 (36615,36647)
1 (17963,18118)
1 (5514,5682)
1 (22738,22975)
1 (35535,35697)
1 (18401,18669)
1 (42082,42437)
1 (4484,4974)
1 (10398,10562)
1 (5029,5210)
1 (26950,27086)
1 (47919,48210)
1 (25165,25193)
1 (43309,43605)
1 (4595,5013)
1 (48370,48500)
1 (2736,2975)
1 (6864,7186)
1 (27593,27766)
1 (9084,9289)
1 (45373,45792)
1 (13967,14162)
1 (66,386)
2 (46893,47058) (47153,47422)
1 (47422,47574)
1 (47416,47709)
1 (29332,29821)
1 (13431,13660)
1 (2104,2509)
1 (41940,42048)
1 (18129,18257)
1 (34997,35397)
1 (19037,19459)
Case 58: Yes
1 (2021,2508)
1 (39634,39991)
1 (16461,16913)
1 (44619,44866)
1 (23859,24131)
1 (8008,8492)
1 (20926,21081)
1 (1431,1581)
1 (43466,43614)
1 (7777,8018)
2 (36911,37029) (44589,44619)
1 (8118,8511)
2 (33740,34026) (44589,44619)
1 (3281,3560)
1 (26295,26574)
2 (44589,44619) (45049,45130)
1 (382,547)
1 (40316,40484)
1 (35339,35514)
1 (24205,24675)
1 (3473,3749)
1 (41434,41451)
1 (3058,3540)
1 (15205,15317)
1 (3086,3464)
1 (42119,42486)
1 (28646,28900)
1 (208,598)
1 (48291,48709)
1 (42660,42730)
1 (20666,20980)
1 (21248,21271)
2 (24643,24684) (28801,28913)
1 (47897,48374)
1 (42771,43111)
3 (3202,3281) (3464,3473) (3540,3894)
1 (43222,43367)
1 (15204,15378)
2 (2784,3086) (47376,47527)
1 (14519,14753)
1 (39318,39735)
1 (6020,6376)
1 (5625,6047)
1 (12246,12530)
1 (48810,49242)
1 (28913,29026)
1 (48182,48302)
1 (2315,2563)
1 (45828,45964)
1 (31670,32169)
1 (30136,30237)
1 (3565,3726)
1 (35254,35644)
1 (8356,8431)
2 (5749,6020) (6690,6791)
1 (10075,10171)
1 (20379,20519)
1 (43930,44417)
1 (16716,16885)
1 (30232,30508)
1 (378,861)
1 (3726,3919)
1 (9933,10404)
1 (23688,23908)
1 (38078,38092)
1 (41783,41965)
1 (38376,38513)
1 (9354,9755)
1 (5595,5908)
1 (34382,34395)
1 (17683,17943)
1 (34158,34627)
1 (37592,37749)
1 (22656,23058)
1 (2404,2535)
Case 59: Yes
1 (21472,21522)
1 (44740,44952)
1 (844,1221)
1 (39744,40012)
1 (18511,18606)
1 (48529,48654)
1 (40263,40609)
1 (40707,41139)
1 (8947,9080)
1 (6560,6691)
1 (3744,4046)
1 (41552,41701)
1 (6535,6784)
1 (37040,37116)
1 (18886,19154)
1 (26848,27106)
1 (12974,13165)
1 (12144,12505)
1 (29406,29538)
1 (47208,47295)
1 (18731,19187)
1 (32093,32108)
1 (3382,3776)
1 (2063,2434)
1 (8731,8859)
1 (22978,23201)
1 (15851,16135)
1 (26570,26792)
1 (36420,36888)
1 (27123,27232)
1 (18303,18610)
1 (19883,20033)
1 (7569,7797)
1 (5080,5504)
1 (2147,2180)
1 (6533,6646)
1 (34784,35259)
1 (2841,3005)
1 (17387,17653)
1 (36737,36868)
1 (1919,2158)
1 (4141,4579)
1 (39310,39403)
1 (39140,39507)
1 (7171,7229)
1 (47930,47954)
1 (4577,4973)
1 (29930,30118)
1 (17638,18079)
1 (14049,14095)
1 (1223,1355)
1 (6765,7056)
1 (37017,37300)
1 (23747,24211)
1 (42122,42584)
1 (18801,18916)
1 (15226,15287)
1 (22800,22855)
1 (9402,9823)
1 (4229,4570)
1 (34394,34782)
1 (2193,2458)
1 (15197,15321)
Case 60: Yes
1 (9727,9914)
1 (31774,32242)
2 (35719,35892) (41775,42041)
1 (4409,4540)
1 (12161,12614)
1 (26767,26922)
1 (4944,5368)
1 (42041,42472)
1 (6923,7306)
1 (15487,15817)
1 (6978,7108)
1 (5073,5189)
1 (48507,48996)
1 (41775,41807)
1 (5639,5899)
1 (30609,30889)
1 (770,780)
1 (7326,7649)
1 (32497,32826)
1 (21111,21383)
1 (23673,24062)
1 (49520,49873)
1 (36702,37149)
1 (20333,20376)
1 (44210,44662)
1 (12672,13001)
1 (43764,44253)
1 (28315,28803)
1 (782,995)
1 (19980,20311)
1 (5209,5463)
1 (29612,29873)
1 (24075,24205)
1 (1009,1116)
1 (5436,5503)
1 (5501,5522)
1 (47886,48219)
1 (2967,3108)
1 (33277,33386)
1 (422,513)
1 (2271,2733)
1 (44830,44867)
1 (2353,2629)
1 (45089,45524)
1 (17425,17464)
1 (41172,41341)
1 (596,834)
1 (12196,12578)
1 (46320,46779)
1 (44051,44518)
1 (1236,1528)
1 (24712,24788)
Case 61: Yes
1 (257,681)
1 (14987,15430)
1 (36814,37198)
1 (7051,7354)
1 (21667,21818)
2 (17325,17451) (36632,36814)
2 (141,257) (681,780)
1 (43309,43490)
1 (2521,2775)
1 (42563,43029)
1 (9325,9420)
1 (11722,12211)
1 (46774,46836)
1 (10849,11096)
1 (34242,34521)
1 (6067,6208)
1 (3239,3416)
1 (24059,24201)
1 (16583,16708)
1 (7354,7372)
1 (35134,35244)
2 (8967,9325) (9420,9521)
2 (8658,8967) (9521,9601)
1 (41181,41185)
1 (45085,45090)
1 (9601,9843)
1 (3416,3616)
Case 62: Yes
1 (8790,9226)
1 (9930,9997)
1 (23284,23783)
1 (9493,9519)
1 (9757,10161)
3 (11234,11264) (26777,26876) (26906,26942)
1 (4434,4887)
1 (33752,34247)
1 (7168,7222)
1 (43410,43501)
1 (8820,8990)
2 (47691,47949) (49401,49446)
1 (13883,14317)
1 (12988,13185)
1 (11857,12249)
1 (4258,4506)
1 (17994,18258)
2 (22993,23417) (48582,48605)
1 (17185,17576)
1 (18216,18605)
1 (28835,29047)
1 (26906,27350)
1 (17697,17813)
1 (17477,17972)
1 (16849,17172)
1 (24771,25125)
1 (13854,14226)
1 (45079,45427)
1 (3278,3388)
1 (24210,24302)
1 (32376,32505)
1 (9781,10074)
1 (5146,5305)
1 (48605,48625)
1 (30928,31028)
1 (200,654)
1 (33082,33460)
1 (16724,16730)
1 (1346,1485)
1 (1652,1855)
1 (21422,21774)
1 (11741,12127)
1 (15148,15516)
1 (9276,9380)
1 (13468,13940)
1 (14015,14324)
1 (33731,34056)
1 (10437,10538)
1 (2780,3093)
2 (46409,46541) (46926,46942)
1 (7375,7856)
1 (1258,1339)
1 (9853,10122)
1 (41756,42150)
1 (28554,28576)
1 (28437,28553)
1 (4807,5052)
1 (23299,23569)
1 (20192,20323)
1 (8449,8875)
1 (13027,13285)
1 (11234,11660)
1 (20565,20653)
1 (1049,1056)
1 (16057,16262)
1 (4639,5085)
1 (8581,8957)
1 (21594,21968)
1 (9997,10436)
1 (7634,7723)
1 (5039,5456)
1 (7634,7693)
1 (47911,48059)
1 (3420,3461)
1 (26812,26842)
2 (46942,47104) (47761,47858)
1 (14732,14890)
1 (1694,2000)
1 (11567,11861)
1 (4383,4704)
1 (25261,25281)
Case 63: Yes
1 (34616,35103)
1 (13691,13972)
1 (14253,14659)
1 (8112,8554)
1 (26373,26632)
1 (22405,22461)
1 (7005,7030)
1 (11674,11728)
1 (7677,7853)
1 (5458,5901)
1 (21805,21849)
1 (39449,39814)
1 (4494,4647)
1 (18199,18496)
1 (9008,9307)
1 (16712,17027)
1 (28837,29289)
1 (6589,6863)
1 (6169,6507)
1 (21266,21672)
1 (37958,38116)
1 (19589,20005)
1 (7986,8458)
1 (8477,8752)
1 (9421,9582)
1 (15506,15851)
1 (27902,27940)
1 (48528,48913)
1 (7361,7688)
1 (27052,27068)
1 (35816,36159)
1 (6724,7178)
1 (8009,8104)
1 (271,688)
1 (38922,39013)
1 (45618,45641)
1 (3234,3423)
1 (45778,46036)
1 (2299,2564)
1 (6489,6612)
1 (16777,16779)
1 (34031,34039)
1 (29696,30183)
1 (40297,40545)
1 (29159,29397)
1 (21431,21813)
1 (35471,35748)
1 (5564,5603)
1 (3113,3182)
1 (8548,8984)
1 (5966,6275)
1 (14227,14574)
1 (948,1251)
1 (7280,7514)
1 (5826,5891)
1 (23180,23481)
1 (18792,19161)
1 (22710,23130)
1 (44451,44622)
1 (42183,42232)
1 (42433,42658)
1 (45658,45757)
1 (11124,11157)
1 (2897,3271)
1 (9929,9938)
1 (38994,39097)
1 (40601,40736)
1 (6735,6893)
1 (6193,6359)
1 (2613,3103)
1 (3018,3281)
1 (43814,44306)
1 (2613,3029)
2 (43315,43396) (46745,46810)
1 (16789,17163)
1 (15319,15451)
1 (31488,31946)
1 (8759,9199)
1 (41197,41646)
1 (40743,40944)
1 (13066,13329)
1 (45845,46173)
1 (4328,4510)
1 (49217,49353)
2 (15066,15337) (16592,16789)
1 (47260,47723)
2 (46810,46813) (46842,47228)
1 (1945,2324)
1 (1904,2225)
1 (1055,1539)
1 (2255,2358)
1 (13954,14094)
1 (23786,24187)
1 (45542,45607)
Case 64: Yes
1 (19095,19336)
1 (29985,29990)
1 (26667,27066)
1 (11241,11699)
1 (49245,49422)
1 (43512,43677)
1 (44700,45120)
1 (9795,10065)
1 (30035,30085)
1 (37137,37327)
1 (12288,12404)
1 (210,522)
1 (8787,9161)
1 (22309,22507)
1 (9831,10147)
1 (19310,19743)
1 (39527,39941)
1 (1024,1133)
1 (13619,13733)
1 (47831,48154)
1 (30350,30471)
1 (13277,13446)
1 (29245,29610)
1 (9190,9372)
1 (14503,14752)
1 (33964,33972)
1 (8644,9114)
1 (15107,15355)
1 (4995,5346)
1 (5123,5493)
1 (44891,44965)
1 (19960,20023)
1 (41890,42039)
2 (15186,15301) (44107,44331)
1 (1658,1876)
1 (1932,1963)
1 (9489,9703)
1 (47906,48196)
1 (44331,44356)
1 (48426,48478)
1 (18665,18903)
1 (21859,22237)
1 (48495,48650)
1 (32492,32834)
1 (9907,9960)
1 (4543,4903)
1 (12538,12966)
2 (13414,13510) (15681,15813)
1 (1674,2080)
1 (625,1027)
2 (9760,9907) (44107,44268)
1 (4422,4459)
1 (35888,36069)
1 (4162,4525)
1 (19897,20136)
1 (3545,3724)
1 (46801,46897)
2 (45115,45243) (45351,45484)
1 (17243,17702)
1 (11269,11283)
1 (25874,26261)
1 (6577,7021)
1 (39944,40036)
1 (45484,45900)
1 (3573,4042)
1 (9029,9344)
1 (18641,18746)
1 (13814,13924)
1 (39819,40230)
1 (22003,22205)
1 (46764,46937)
1 (32271,32707)
1 (45351,45532)
1 (34071,34274)
2 (41466,41598) (43203,43553)
1 (20493,20602)
1 (7785,7950)
1 (43553,43679)
1 (24128,24256)
1 (36217,36410)
1 (7741,7989)
1 (45599,45819)
1 (15813,16233)
1 (31839,32160)
1 (6327,6353)
1 (13940,14033)
1 (17347,17536)
1 (37059,37486)
1 (35283,35591)
1 (44961,44962)
1 (28649,29038)
1 (250,325)
0
Case 65: Yes
1 (13186,13353)
1 (5960,6097)
1 (21086,21335)
1 (39147,39497)
1 (44484,44507)
1 (3257,3429)
1 (2265,2327)
1 (44790,45084)
1 (22820,22830)
1 (7534,7623)
1 (46222,46659)
1 (11224,11495)
1 (5093,5354)
1 (34174,34544)
1 (11549,11762)
1 (48682,48743)
1 (275,618)
1 (39966,40412)
1 (12196,12683)
1 (46015,46263)
1 (21355,21818)
1 (7731,7918)
1 (49325,49403)
1 (37520,37597)
1 (2116,2410)
2 (45757,46222) (46263,46285)
1 (876,1040)
1 (27425,27862)
2 (40991,41134) (48694,48809)
1 (794,1153)
1 (32868,32935)
1 (3449,3804)
1 (11364,11413)
2 (11312,11364) (11413,11578)
1 (9687,9718)
1 (20820,20954)
1 (14746,15079)
1 (36683,37006)
1 (38150,38290)
1 (48809,49056)
1 (38526,38804)
2 (11192,11312) (27675,27865)
1 (7294,7635)
1 (5333,5776)
1 (2375,2592)
Case 66: Yes
1 (10936,11174)
1 (25445,25815)
1 (6438,6599)
1 (45783,46186)
1 (10505,10688)
1 (35890,36127)
1 (15209,15344)
1 (9247,9567)
1 (3661,3741)
1 (448,647)
1 (7878,7958)
1 (31433,31850)
1 (24489,24667)
1 (5716,6068)
1 (14053,14118)
1 (1095,1404)
1 (6901,6918)
1 (9373,9692)
1 (39824,40120)
1 (45783,45960)
1 (19743,19932)
1 (44944,45220)
1 (45384,45555)
2 (40544,40690) (41384,41431)
1 (3532,3976)
1 (13124,13365)
1 (14838,14923)
0
1 (2132,2153)
1 (612,988)
1 (44213,44371)
1 (303,683)
1 (11748,12028)
1 (26463,26755)
1 (12544,12744)
1 (6718,6768)
1 (35285,35565)
1 (48001,48331)
1 (14086,14558)
1 (23755,24078)
1 (30794,30982)
1 (45219,45694)
1 (4019,4463)
1 (1767,1907)
1 (32456,32788)
1 (42183,42513)
1 (2494,2760)
1 (13680,13719)
1 (35950,36072)
1 (6741,6886)
1 (43325,43623)
1 (45482,45758)
1 (42961,43266)
1 (34054,34259)
1 (6726,7123)
1 (6203,6507)
1 (38009,38296)
1 (27620,27657)
1 (45619,45792)
1 (27422,27806)
1 (4927,5058)
1 (9511,9572)
1 (45715,45951)
1 (7757,8053)
1 (3903,3967)
1 (24551,25020)
1 (4565,4575)
1 (4111,4235)
1 (8837,9303)
1 (1334,1570)
1 (33672,33806)
Case 67: Yes
1 (1769,2267)
1 (24964,25160)
1 (23483,23766)
1 (16267,16560)
1 (10951,10990)
1 (34874,35238)
1 (42827,43151)
1 (18538,18726)
1 (14553,14996)
1 (43486,43840)
1 (42742,43061)
1 (30323,30397)
1 (37952,38327)
1 (36457,36931)
1 (33223,33359)
1 (5332,5418)
1 (2004,2271)
1 (3965,4095)
1 (8513,8641)
1 (39063,39295)
1 (11935,12185)
1 (19674,19929)
1 (7043,7088)
1 (21141,21317)
1 (3029,3498)
1 (5861,6180)
1 (48244,48422)
1 (5014,5221)
1 (31617,31621)
1 (28171,28209)
1 (26269,26765)
1 (4235,4585)
1 (45678,45717)
1 (18639,18718)
1 (42126,42223)
1 (6806,7065)
Case 68: Yes
1 (1962,2396)
1 (4057,4283)
3 (13448,13485) (19058,19416) (19453,19512)
1 (38333,38697)
1 (22632,22646)
1 (40554,40990)
1 (20702,20838)
1 (30837,31201)
1 (14294,14353)
1 (24409,24628)
1 (20151,20233)
1 (4889,4902)
1 (16320,16424)
1 (26525,26955)
1 (24649,25019)
1 (361,518)
1 (7064,7277)
1 (2801,2909)
1 (4645,4766)
1 (37081,37170)
2 (4413,4645) (46464,46513)
1 (40820,41258)
1 (1233,1457)
1 (6771,6889)
1 (40466,40769)
1 (9017,9195)
1 (43325,43685)
1 (1751,2163)
1 (6548,7036)
1 (2914,3253)
1 (12092,12525)
1 (737,796)
1 (36870,37050)
1 (24035,24463)
1 (38980,39178)
1 (18038,18105)
1 (13677,13826)
1 (17974,18373)
1 (6444,6510)
1 (6971,7319)
1 (35096,35184)
1 (36424,36549)
1 (6513,6707)
1 (9724,9955)
1 (45248,45315)
1 (37008,37393)
1 (42009,42443)
1 (20635,21132)
1 (23364,23714)
1 (3061,3273)
1 (4844,4900)
1 (14567,14855)
1 (17877,18164)
1 (5357,5761)
1 (6706,6798)
1 (46567,46789)
1 (28961,29172)
1 (15836,16232)
1 (31482,31948)
1 (3309,3656)
1 (714,1190)
1 (14271,14490)
1 (5238,5643)
1 (28045,28513)
1 (49539,49701)
1 (47533,47580)
1 (25412,25847)
1 (5667,5793)
1 (7842,8301)
1 (18463,18661)
1 (6033,6133)
1 (38339,38398)
1 (953,1238)
1 (38699,38893)
1 (1844,1849)
1 (19416,19904)
1 (39159,39422)
3 (45092,45248) (46387,46567) (46896,47032)
1 (556,738)
1 (34910,35389)
1 (23048,23535)
1 (1738,1786)
1 (39592,40086)
1 (47560,47749)
1 (22164,22395)
1 (44743,45070)
1 (43336,43507)
1 (31352,31554)
2 (33463,33650) (42340,42358)
Case 69: Yes
1 (20552,20573)
1 (23638,24014)
1 (7222,7286)
1 (17416,17507)
1 (6343,6722)
1 (28398,28412)
1 (2833,3112)
1 (105,516)
1 (18433,18809)
1 (6349,6810)
1 (1762,2140)
1 (1412,1567)
1 (15259,15483)
1 (11817,12269)
1 (7168,7370)
1 (47763,48050)
1 (36886,37367)
1 (17734,17924)
1 (43864,44261)
1 (45452,45496)
1 (23603,23730)
1 (23,46)
1 (5310,5360)
1 (26293,26475)
1 (45699,46144)
1 (25493,25626)
Case 70: Yes
1 (13458,13776)
1 (40041,40348)
1 (29275,29662)
1 (8869,9280)
1 (12400,12412)
1 (40478,40754)
1 (44388,44634)
1 (32701,32842)
1 (8955,9042)
1 (9277,9505)
1 (1147,1180)
1 (21957,22205)
1 (48099,48417)
1 (11630,11941)
1 (17986,18164)
1 (31355,31440)
1 (15883,16225)
1 (4220,4254)
1 (39797,39986)
1 (4260,4687)
1 (8949,8968)
1 (4095,4263)
1 (12284,12573)
1 (47861,48032)
1 (10071,10288)
1 (30237,30554)
1 (12045,12449)
1 (13656,14057)
1 (21898,22127)
1 (6795,6954)
1 (41001,41403)
1 (27610,27912)
1 (30903,31060)
1 (35071,35149)
1 (39834,40328)
1 (216,409)
1 (49150,49475)
1 (6823,7156)
1 (49644,49760)
1 (9299,9694)
1 (15847,15947)
1 (46053,46328)
1 (44908,45381)
1 (1052,1171)
1 (15456,15859)
1 (2964,2989)
Case 71: Yes
1 (29430,29614)
1 (24451,24857)
1 (7525,7981)
1 (25063,25379)
1 (18637,18909)
1 (18176,18396)
1 (7269,7401)
1 (6126,6327)
1 (482,562)
1 (24127,24544)
1 (20306,20439)
1 (10222,10526)
1 (30870,31156)
1 (5220,5438)
1 (5076,5227)
1 (16131,16302)
1 (20594,20946)
1 (1713,1897)
1 (1349,1734)
1 (47590,47659)
1 (16957,17091)
1 (29853,30200)
2 (24223,24451) (24544,24550)
1 (2049,2161)
1 (48940,49329)
1 (17529,17718)
1 (15419,15850)
1 (36146,36449)
2 (24042,24223) (24550,24763)
1 (10042,10480)
1 (33863,33896)
1 (9354,9673)
1 (196,663)
1 (41338,41694)
1 (49410,49480)
1 (21860,21870)
1 (17269,17735)
1 (32731,33089)
1 (42069,42091)
1 (46149,46286)
1 (44094,44573)
1 (4336,4544)
1 (2315,2500)
1 (7192,7211)
1 (6508,6674)
2 (17718,17864) (37592,37608)
1 (25581,25852)
1 (39445,39902)
1 (5733,6197)
1 (6915,7070)
1 (38259,38648)
1 (13478,13715)
1 (47225,47410)
1 (18727,19026)
1 (43814,44090)
1 (6405,6662)
1 (14393,14606)
1 (4618,4818)
1 (48208,48404)
1 (12490,12814)
1 (37608,37706)
1 (45809,46278)
1 (3050,3368)
1 (20158,20625)
1 (7007,7219)
1 (2347,2671)
1 (32078,32396)
1 (5695,5905)
1 (47759,47958)
1 (706,1046)
1 (37711,37923)
1 (48661,48725)
1 (38059,38220)
1 (39066,39238)
1 (45346,45592)
1 (12779,13078)
1 (16548,16831)
1 (10480,10496)
2 (1405,1713) (1734,1843)
1 (4292,4694)
2 (6330,6508) (6662,6915)
1 (16081,16118)
Case 72: Yes
1 (26699,26724)
1 (40037,40062)
1 (7502,7589)
1 (15718,15998)
1 (12626,13113)
1 (34529,34597)
1 (5983,6393)
1 (28404,28549)
1 (326,423)
1 (44127,44375)
1 (33354,33853)
1 (12347,12521)
1 (3118,3469)
1 (14684,14773)
2 (41487,41526) (42224,42353)
1 (23526,23955)
1 (8399,8678)
1 (20326,20418)
1 (67,315)
1 (9715,9886)
1 (46699,46811)
1 (2745,3179)
1 (630,957)
1 (5917,5981)
1 (42353,42469)
1 (10754,10951)
1 (27787,27922)
1 (47754,47830)
1 (20891,21077)
1 (43749,44221)
1 (41777,42208)
1 (11107,11268)
1 (47223,47335)
1 (20133,20599)
2 (34877,35118) (44628,44769)
1 (37667,37793)
1 (48765,49170)
Case 73: Yes
1 (48994,49412)
1 (39507,39843)
1 (683,1122)
1 (3290,3427)
1 (1262,1473)
1 (31016,31100)
1 (26453,26938)
1 (24796,25037)
1 (21088,21448)
1 (30494,30848)
1 (35538,35603)
1 (959,973)
1 (20352,20782)
1 (12954,13094)
1 (15511,15598)
1 (5411,5615)
1 (18740,19125)
1 (43280,43444)
1 (43889,44332)
2 (5353,5411) (41962,42181)
1 (11347,11819)
1 (44580,44732)
1 (218,231)
1 (7786,8266)
1 (16614,16900)
1 (30984,31100)
1 (36448,36796)
1 (458,539)
1 (41106,41548)
1 (2660,2756)
1 (3677,3965)
1 (7803,7894)
1 (11967,12423)
1 (25884,26205)
1 (81,345)
1 (46566,46820)
1 (39842,40281)
1 (48947,49210)
1 (960,1150)
1 (33033,33259)
1 (1265,1356)
1 (37526,37756)
1 (31289,31347)
1 (11212,11402)
1 (40091,40581)
1 (14981,15036)
1 (27859,28169)
1 (18682,18987)
1 (42199,42559)
1 (13940,14113)
1 (4711,4945)
1 (24706,24769)
1 (2202,2699)
1 (8127,8403)
1 (5923,6057)
1 (9726,10045)
1 (4852,5205)
1 (48147,48508)
1 (2830,3202)
1 (43721,43863)
1 (9866,9994)
1 (16366,16495)
1 (15161,15586)
2 (44480,44763) (45905,46064)
1 (46064,46187)
1 (40741,40888)
1 (4657,4995)
1 (30442,30454)
1 (26727,26969)
1 (24792,24984)
2 (7038,7288) (41110,41355)
1 (45961,46013)
2 (46329,46334) (48456,48915)
1 (22,417)
1 (20735,21077)
1 (7199,7351)
1 (8703,8940)
1 (11317,11589)
1 (769,809)
1 (3949,3982)
1 (15369,15796)
1 (19749,20197)
1 (48456,48526)
1 (41355,41381)
1 (45905,45924)
1 (35529,35603)
1 (28196,28479)
1 (35900,36284)
1 (41110,41306)
1 (38977,39095)
1 (39671,39869)
0
1 (10880,11093)
1 (2292,2574)
1 (38876,38890)
1 (42700,42756)
1 (13519,13899)
1 (29371,29824)
2 (30003,30198) (31335,31430)
Case 74: Yes
1 (5610,6086)
1 (17628,18103)
1 (5098,5477)
1 (24821,25218)
1 (4500,4545)
1 (29792,30242)
1 (761,841)
1 (21869,22137)
1 (19120,19386)
1 (16182,16315)
1 (19078,19470)
1 (6208,6350)
1 (45334,45790)
1 (18314,18557)
1 (346,764)
1 (29387,29766)
1 (3308,3660)
1 (30969,31244)
1 (4878,5275)
1 (11751,11811)
1 (37390,37656)
1 (36522,36967)
1 (1077,1250)
1 (2640,3120)
1 (28909,28990)
1 (20807,21039)
1 (6244,6331)
1 (44360,44574)
1 (14893,15376)
1 (19800,19907)
1 (34105,34545)
1 (42896,43086)
1 (33248,33292)
1 (32606,32930)
Case 75: Yes
1 (14116,14218)
1 (25384,25498)
1 (3752,4078)
1 (29571,29985)
1 (20442,20682)
1 (15994,16169)
1 (16575,16683)
1 (28430,28486)
1 (18378,18680)
1 (48146,48345)
1 (2500,2897)
1 (18473,18760)
1 (16212,16711)
1 (10260,10608)
1 (42669,42896)
1 (44676,44989)
1 (13240,13567)
1 (18371,18444)
1 (22275,22436)
1 (31533,31928)
1 (42299,42580)
1 (10015,10253)
1 (49568,49592)
1 (2627,2999)
1 (38608,38904)
1 (4485,4970)
1 (40778,41070)
1 (22567,22797)
1 (6556,6652)
1 (32616,32739)
1 (5878,5896)
1 (29103,29331)
1 (699,839)
1 (15439,15489)
1 (14532,14883)
1 (12662,12675)
1 (15818,15872)
1 (35507,35866)
1 (8623,8985)
1 (9901,10075)
1 (45864,45995)
1 (42904,43233)
1 (48428,48796)
1 (39596,40083)
1 (14992,15188)
1 (4557,4618)
1 (28047,28529)
1 (16938,17355)
1 (45154,45435)
1 (33359,33728)
1 (12206,12327)
1 (33899,34026)
1 (28278,28626)
1 (17423,17582)
2 (28104,28278) (36967,37291)
1 (27100,27546)
1 (1449,1748)
1 (5935,6385)
1 (15250,15442)
1 (2261,2557)
1 (19725,19755)
1 (8354,8688)
1 (42862,42879)
1 (38707,39188)
1 (10770,10990)
1 (5110,5155)
1 (28697,28925)
1 (45465,45473)
1 (47681,48105)
1 (18906,19252)
1 (7677,8092)
1 (9322,9537)
1 (35088,35464)
1 (26,143)
1 (2645,3086)
1 (6289,6396)
1 (5171,5658)
1 (42939,43425)
1 (16367,16729)
1 (7159,7525)
1 (10857,11092)
2 (48289,48363) (49127,49337)
1 (46637,46726)
2 (49337,49390) (49853,49894)
1 (11226,11357)
1 (16538,16954)
1 (22470,22595)
1 (7882,8247)
1 (14445,14493)
Case 76: Yes
1 (5131,5372)
1 (6915,7048)
1 (19213,19285)
1 (25187,25393)
1 (902,1295)
1 (20716,21151)
1 (34562,35004)
1 (37353,37537)
1 (18897,18990)
1 (45764,45775)
1 (46280,46403)
1 (3165,3222)
1 (10174,10328)
1 (33057,33072)
1 (11603,11898)
1 (44356,44385)
1 (683,868)
1 (37909,38395)
1 (16249,16553)
1 (30712,31052)
1 (47911,48175)
1 (48279,48365)
1 (47261,47693)
1 (40068,40350)
2 (38754,38790) (39011,39021)
1 (39021,39198)
1 (20644,21109)
1 (39011,39297)
1 (43919,44153)
1 (4509,4813)
1 (7274,7766)
1 (435,470)
1 (10066,10158)
1 (25823,26173)
1 (41996,42326)
1 (21879,21954)
1 (17662,17755)
1 (5013,5472)
1 (27575,27844)
1 (43707,44049)
1 (18157,18183)
1 (9903,10064)
1 (30484,30487)
1 (1994,2163)
1 (8703,8863)
1 (5978,6400)
1 (39410,39677)
1 (48579,48948)
1 (5901,6343)
2 (36846,37261) (42819,42851)
1 (9683,9912)
1 (31305,31349)
1 (9731,9832)
2 (49249,49489) (49577,49715)
1 (46693,46807)
1 (42851,43152)
1 (31832,31943)
1 (45689,45890)
1 (27469,27767)
1 (14202,14557)
1 (2180,2626)
1 (17494,17571)
1 (42819,42881)
1 (3701,3989)
2 (44151,44354) (45517,45566)
1 (2390,2687)
1 (35004,35165)
3 (45566,45764) (45775,45877) (46650,46713)
0
1 (16539,16588)
Case 77: Yes
1 (11511,11795)
1 (9631,10111)
1 (22424,22510)
1 (40097,40425)
1 (41792,42228)
1 (17546,18037)
1 (26985,27268)
1 (4696,4697)
1 (37169,37587)
1 (7515,7827)
1 (12791,12933)
1 (19244,19449)
1 (23038,23353)
1 (43530,43894)
1 (45125,45513)
2 (17385,17478) (17526,17546)
1 (5897,5912)
1 (30806,31082)
1 (3473,3911)
1 (13815,14165)
1 (3873,4163)
1 (13538,13978)
1 (9027,9275)
1 (46116,46160)
1 (1182,1470)
1 (35938,35940)
1 (6816,7108)
1 (41947,42087)
1 (7495,7669)
1 (39763,40257)
1 (3779,3869)
1 (30081,30459)
1 (12331,12411)
1 (24738,24945)
1 (45280,45528)
1 (10740,10860)
1 (25941,26235)
1 (43145,43313)
1 (2004,2414)
1 (34594,34615)
1 (41671,42021)
1 (6230,6350)
1 (43481,43722)
1 (8987,9316)
1 (3839,3841)
1 (45239,45408)
1 (35539,35597)
1 (437,524)
1 (46691,46885)
1 (1332,1641)
1 (3134,3319)
1 (17608,17934)
1 (36481,36956)
1 (3136,3250)
1 (38921,39412)
1 (40818,41301)
1 (48947,48984)
1 (1295,1463)
2 (3835,3839) (3841,4306)
1 (11576,11687)
1 (15002,15110)
1 (48385,48523)
1 (44542,44829)
1 (3198,3529)
1 (4530,4931)
1 (40415,40674)
1 (2871,3187)
1 (37598,38045)
1 (18083,18361)
1 (33845,33988)
1 (46349,46619)
1 (49159,49241)
2 (48538,48606) (49886,49915)
Case 78: Yes
1 (7720,8199)
1 (37826,37865)
1 (37932,38332)
1 (16902,17149)
1 (11517,11682)
1 (33528,33542)
1 (37783,38157)
1 (46220,46632)
1 (13805,13841)
1 (7389,7777)
1 (21097,21390)
1 (13099,13129)
1 (37936,38382)
1 (1366,1373)
1 (27134,27517)
1 (39074,39294)
1 (3333,3589)
1 (40398,40837)
1 (20784,21127)
2 (13043,13099) (41291,41476)
1 (43066,43388)
1 (17969,18321)
1 (4709,5189)
1 (14058,14169)
2 (45408,45507) (49282,49473)
1 (30343,30835)
1 (11766,12178)
2 (47207,47280) (49282,49374)
1 (6214,6396)
1 (1187,1455)
1 (25436,25639)
1 (4740,4884)
1 (16910,17128)
1 (15305,15679)
1 (11205,11411)
1 (8677,8891)
1 (15345,15835)
1 (5122,5146)
1 (39606,39793)
1 (25774,26002)
1 (13423,13789)
1 (11822,11936)
1 (13858,14240)
1 (42290,42580)
1 (11110,11381)
1 (40606,40712)
1 (12349,12752)
1 (11856,12162)
1 (36396,36862)
1 (5097,5287)
1 (12619,12965)
2 (49473,49664) (49921,49954)
1 (45157,45376)
1 (12840,13056)
1 (36111,36533)
1 (11267,11321)
1 (45054,45279)
1 (7286,7410)
1 (485,976)
1 (10634,10651)
2 (5100,5122) (5146,5603)
1 (3651,3794)
1 (38157,38376)
1 (23878,24110)
1 (442,793)
1 (10416,10556)
1 (7393,7844)
1 (18542,18568)
1 (40254,40717)
1 (3774,3974)
1 (26397,26833)
1 (15533,15825)
1 (25318,25323)
1 (42578,42812)
1 (18859,19334)
1 (38415,38433)
1 (47043,47505)
1 (854,927)
2 (11257,11267) (11321,11750)
1 (3294,3686)
1 (40814,40900)
1 (10126,10212)
1 (2903,3068)
1 (34121,34301)
1 (3127,3434)
1 (41277,41392)
1 (43253,43704)
Case 79: Yes
1 (6559,6939)
1 (21948,22119)
1 (2843,2938)
1 (5561,5900)
1 (4253,4356)
1 (21327,21597)
1 (32584,32753)
1 (37769,38015)
1 (26651,26887)
1 (5772,6020)
1 (18381,18436)
1 (26666,26840)
1 (33607,33993)
1 (40888,40980)
1 (14758,15179)
1 (515,539)
1 (47792,47931)
2 (6977,7124) (14744,14758)
1 (38158,38391)
1 (32120,32313)
1 (15179,15184)
1 (41174,41389)
2 (13424,13672) (14744,14758)
1 (42491,42932)
1 (41939,42357)
1 (49376,49447)
1 (27282,27363)
1 (26896,27099)
1 (18588,18925)
1 (37528,37879)
1 (25301,25447)
1 (10373,10681)
1 (8330,8388)
2 (18385,18588) (21024,21238)
1 (46144,46468)
1 (17980,18051)
1 (29451,29908)
1 (33306,33566)
1 (36320,36513)
1 (5195,5270)
1 (5842,5916)
2 (47142,47205) (49744,49908)
1 (36642,37132)
1 (3617,3731)
1 (49744,49770)
1 (41685,41856)
1 (45216,45288)
1 (10120,10494)
1 (4719,4952)
1 (30720,30856)
1 (39702,39825)
1 (35898,36225)
1 (6581,6928)
1 (35763,36083)
1 (47552,48042)
1 (21355,21366)
1 (44660,44683)
1 (23883,24346)
1 (9854,10015)
1 (9488,9619)
1 (3370,3695)
1 (37276,37525)
1 (46299,46393)
1 (29154,29440)
1 (38178,38443)
1 (8732,9177)
1 (4290,4497)
1 (1634,1852)
1 (8227,8539)
1 (27721,27892)
1 (36884,37352)
1 (45238,45573)
1 (11926,12416)
1 (22109,22554)
1 (499,568)
1 (526,634)
1 (3553,4051)
1 (7616,8081)
1 (36626,36647)
1 (31420,31458)
1 (7473,7886)
1 (9921,10180)
1 (17092,17432)
1 (23597,23765)
1 (44927,45378)
1 (17839,18187)
1 (31506,31905)
1 (6944,7289)
1 (5688,5944)
1 (6225,6405)
1 (3429,3883)
1 (42554,42618)
Case 80: Yes
1 (15338,15462)
1 (8711,9122)
1 (45997,46253)
1 (21028,21147)
1 (16245,16309)
1 (12028,12119)
1 (13440,13759)
1 (4353,4630)
1 (11333,11567)
1 (1661,1861)
1 (16481,16595)
1 (436,532)
1 (15141,15458)
1 (7987,8057)
1 (46871,47104)
1 (8050,8279)
2 (47121,47336) (48215,48486)
1 (10644,10711)
1 (21949,22422)
1 (18594,18669)
1 (16861,17007)
1 (1741,1854)
1 (40362,40468)
1 (48486,48566)
1 (9220,9707)
1 (57,506)
1 (45816,46079)
1 (6019,6342)
1 (37573,37735)
1 (46778,46932)
1 (2155,2233)
1 (41755,41860)
1 (10437,10794)
1 (45263,45285)
1 (9899,10282)
1 (23549,23772)
1 (32521,32853)
1 (19157,19634)
1 (5253,5636)
1 (34053,34436)
Case 81: Yes
1 (5978,6468)
1 (20010,20175)
1 (30171,30501)
1 (4422,4625)
1 (6068,6524)
1 (4301,4718)
1 (2291,2456)
1 (42903,43324)
2 (19326,19657) (40540,40653)
1 (18077,18352)
1 (11014,11505)
1 (32938,33306)
1 (17147,17493)
1 (31637,32076)
1 (21648,21995)
2 (31207,31256) (38993,39230)
1 (6868,7096)
1 (2165,2235)
1 (10517,10678)
1 (1906,2342)
1 (3924,4099)
1 (1676,1959)
1 (16428,16809)
1 (41119,41205)
1 (6212,6645)
1 (40540,40909)
1 (23620,24070)
1 (4776,4882)
1 (23530,23564)
1 (12893,13263)
1 (1036,1257)
1 (18951,19281)
1 (405,776)
1 (715,1097)
2 (40099,40160) (44575,44967)
1 (33111,33197)
1 (13073,13379)
1 (45629,45761)
1 (38993,39112)
1 (10364,10658)
1 (20480,20763)
1 (10455,10833)
1 (1289,1301)
1 (46453,46674)
1 (10116,10407)
1 (39746,40073)
1 (17685,17872)
1 (42014,42066)
1 (25922,26156)
1 (46068,46399)
1 (36606,36772)
1 (11846,12323)
1 (30417,30703)
1 (28197,28400)
1 (43590,43723)
1 (29105,29108)
1 (4238,4483)
1 (17064,17433)
1 (4296,4556)
Case 82: Yes
1 (11238,11333)
1 (36146,36261)
1 (25009,25269)
1 (45648,45900)
1 (31186,31249)
1 (12193,12604)
1 (8931,9323)
1 (16810,16999)
1 (24454,24874)
1 (21815,21847)
1 (45459,45636)
1 (19006,19173)
Case 83: Yes
1 (11635,11874)
1 (425,467)
1 (18673,19151)
1 (43492,43863)
1 (15695,15861)
1 (44900,45137)
1 (21996,22406)
1 (6235,6648)
1 (6398,6845)
1 (8949,9203)
1 (36405,36724)
1 (34347,34735)
1 (31671,31761)
1 (15758,16250)
1 (38347,38408)
1 (132,231)
1 (28305,28784)
1 (23717,24132)
1 (2645,2673)
1 (41455,41528)
1 (1393,1869)
1 (44375,44637)
1 (403,765)
1 (3499,3660)
1 (46503,46713)
1 (19678,19713)
1 (21855,22015)
Case 84: Yes
1 (3343,3797)
1 (632,967)
1 (24425,24458)
1 (10284,10409)
1 (21253,21636)
1 (2641,2801)
1 (273,640)
1 (33538,33864)
1 (19587,20030)
1 (10713,11008)
1 (43514,43728)
1 (6731,7071)
1 (41705,42018)
1 (18632,19024)
1 (12487,12838)
1 (30789,30793)
1 (37335,37366)
1 (22141,22504)
1 (42638,43084)
1 (6032,6188)
1 (12900,13308)
1 (16086,16495)
1 (22462,22647)
1 (5211,5229)
Case 85: Yes
1 (11426,11835)
1 (10484,10780)
1 (19889,20067)
1 (41127,41289)
1 (28771,28939)
1 (22208,22633)
1 (399,833)
1 (8211,8510)
1 (42024,42444)
1 (42900,43087)
1 (17406,17688)
1 (41554,41793)
1 (44015,44206)
1 (38460,38850)
1 (31401,31707)
1 (15796,16284)
1 (24140,24634)
1 (12932,13039)
1 (24892,25287)
1 (47811,47927)
1 (17899,18177)
Case 86: Yes
1 (2604,2849)
1 (12705,12915)
1 (26213,26409)
1 (16670,17105)
1 (34795,34900)
1 (28305,28725)
1 (25740,25919)
0
1 (40786,41039)
1 (16035,16191)
1 (38109,38357)
1 (5622,5744)
1 (8260,8688)
1 (25165,25190)
1 (37105,37177)
1 (11368,11516)
1 (24276,24740)
1 (47092,47564)
1 (10343,10412)
1 (6859,7355)
1 (274,410)
1 (1285,1344)
1 (19263,19751)
1 (25786,26225)
1 (15630,15980)
1 (15416,15550)
1 (1662,2036)
Case 87: Yes
1 (24778,24901)
1 (913,1246)
1 (17344,17576)
1 (5743,6114)
1 (37287,37748)
1 (47169,47483)
1 (13421,13829)
1 (11392,11424)
1 (40012,40361)
1 (28211,28278)
1 (39483,39616)
1 (10458,10597)
1 (7040,7401)
1 (25504,25553)
1 (3758,4199)
1 (13829,13925)
1 (35615,35858)
1 (15621,15805)
1 (49489,49654)
1 (14349,14748)
1 (5641,5663)
1 (11659,11742)
1 (30772,30983)
2 (39957,40012) (40361,40508)
1 (35909,36245)
2 (37233,37287) (37748,37749)
1 (7832,8204)
1 (4199,4324)
3 (35858,35909) (36245,36411) (39696,39846)
1 (42571,42715)
1 (13925,14124)
1 (28629,28932)
1 (2167,2610)
1 (46652,46922)
1 (39846,39872)
1 (20301,20629)
1 (47766,48199)
1 (30555,30662)
2 (39949,39957) (40508,40552)
1 (30995,31225)
1 (39872,39902)
2 (47631,47766) (48199,48210)
1 (26741,27202)
2 (31735,31941) (32179,32373)
1 (12161,12482)
2 (5663,5743) (6114,6464)
1 (34540,34585)
1 (47487,47496)
1 (12725,13169)
3 (30983,30995) (32373,32641) (35607,35615)
1 (14748,15115)
1 (3229,3584)
1 (2610,2640)
1 (36411,36573)
1 (38795,39015)
1 (411,890)
1 (41130,41183)
1 (15115,15402)
2 (24512,24778) (24901,24960)
1 (1246,1308)
1 (37749,38008)
1 (6464,6474)
2 (22481,22536) (38245,38520)
1 (11760,12005)
2 (8204,8336) (45930,46023)
2 (1875,2167) (2640,2788)
1 (38520,38678)
1 (46023,46409)
3 (39616,39696) (39902,39949) (40552,40744)
2 (3600,3758) (4324,4489)
2 (1577,1875) (2788,2930)
1 (22969,23142)
2 (11244,11392) (11424,11555)
1 (2930,3159)
2 (13169,13421) (14124,14278)
1 (29087,29270)
2 (25306,25504) (25553,25841)
1 (19324,19648)
3 (46409,46652) (46922,46980) (47630,47631)
2 (27920,28211) (28278,28471)
Case 88: Yes
1 (16651,16868)
1 (2193,2433)
1 (26948,26993)
1 (9227,9315)
1 (18822,18917)
1 (48671,48714)
1 (24849,25094)
1 (5900,6268)
1 (29662,29970)
1 (29327,29332)
1 (6722,6757)
1 (18024,18040)
1 (22216,22641)
2 (35829,35873) (43778,43867)
1 (35245,35629)
1 (9443,9783)
1 (11938,12098)
1 (3782,3800)
1 (4047,4416)
1 (8353,8634)
1 (3615,3758)
1 (6663,6809)
1 (3213,3385)
1 (17483,17889)
1 (5679,6000)
1 (965,1277)
1 (43867,44074)
2 (17333,17483) (19513,19634)
1 (49223,49241)
1 (13206,13492)
1 (4464,4642)
1 (16982,17251)
1 (39092,39264)
1 (42170,42202)
1 (46976,47083)
1 (46189,46517)
1 (24912,24923)
1 (28985,29454)
1 (15495,15829)
1 (37304,37368)
1 (5144,5241)
1 (13535,13743)
1 (18887,18951)
1 (33417,33887)
1 (38901,39161)
1 (9292,9782)
1 (43778,44063)
1 (25287,25690)
1 (5726,6034)
1 (16,79)
2 (44449,44633) (48158,48440)
1 (32335,32468)
1 (13498,13944)
1 (2032,2450)
1 (33769,33925)
2 (48440,48729) (48922,49021)
1 (42293,42302)
1 (14268,14314)
1 (20747,20959)
1 (30684,31168)
1 (5820,6318)
1 (42635,42692)
1 (1137,1566)
1 (12256,12383)
1 (4918,5042)
1 (4030,4089)
1 (49448,49468)
1 (9484,9688)
1 (49021,49201)
1 (12971,13381)
1 (2090,2501)
1 (41231,41654)
2 (46579,46727) (47208,47547)
1 (5531,5566)
1 (3948,4173)
1 (38159,38416)
1 (15859,16175)
1 (43168,43286)
2 (27577,27618) (28265,28307)
1 (28307,28490)
1 (43629,44104)
1 (38849,39329)
1 (47547,47799)
1 (2879,3359)
1 (18317,18724)
1 (9335,9380)
1 (3272,3547)
1 (425,911)
1 (3919,4056)
1 (44839,45258)
1 (30224,30514)
1 (175,524)
1 (28265,28680)
1 (21494,21515)
1 (25512,25635)
1 (3655,3672)
1 (19401,19619)
Case 89: Yes
1 (8359,8514)
1 (6389,6851)
1 (9180,9343)
1 (5413,5681)
1 (6851,6906)
1 (45724,46151)
1 (41448,41734)
1 (20584,20737)
1 (39556,39601)
1 (8514,8991)
1 (40318,40475)
1 (36093,36311)
1 (3032,3423)
1 (25845,25880)
1 (871,1369)
1 (3423,3481)
1 (9344,9481)
1 (4042,4508)
1 (39928,40004)
2 (6366,6389) (6906,7078)
1 (46188,46550)
1 (18070,18486)
1 (7606,8051)
2 (44360,44732) (46151,46188)
1 (46550,46883)
0
2 (8051,8359) (8991,9079)
1 (1369,1732)
1 (31648,32140)
1 (13951,13976)
1 (14235,14598)
Case 90: Yes
1 (1646,1933)
1 (33804,34066)
1 (6346,6667)
1 (35284,35522)
1 (24262,24713)
1 (30823,31037)
1 (39037,39291)
2 (3098,3213) (47929,48261)
1 (21680,21736)
1 (11941,12247)
1 (27489,27766)
1 (4174,4409)
1 (1743,2193)
1 (41152,41271)
1 (34609,34937)
1 (15786,16156)
1 (10028,10145)
1 (48261,48734)
1 (19233,19430)
1 (30341,30430)
1 (46494,46777)
1 (47929,47968)
1 (16512,16622)
1 (4762,4918)
1 (5175,5424)
1 (30563,30963)
1 (18695,18877)
1 (41120,41254)
1 (9660,9840)
1 (26468,26600)
1 (17432,17861)
1 (7271,7350)
1 (30031,30493)
1 (37003,37410)
1 (15282,15427)
1 (6086,6520)
1 (8218,8324)
1 (46372,46567)
1 (25381,25754)
1 (111,181)
1 (995,1309)
1 (40994,41002)
1 (3956,4043)
1 (13779,14253)
1 (2072,2428)
1 (276,417)
2 (47608,47804) (49551,49609)
1 (323,676)
1 (25054,25071)
1 (44988,45032)
1 (10085,10439)
1 (23636,23652)
1 (14625,15103)
1 (20583,20596)
1 (34891,34909)
1 (9443,9866)
1 (35791,35821)
2 (39243,39436) (42101,42352)
1 (25556,25597)
1 (6608,6894)
1 (31606,32059)
1 (387,617)
1 (4254,4332)
1 (45126,45398)
1 (13883,14274)
1 (3434,3717)
1 (20029,20150)
1 (7879,8322)
1 (44398,44670)
1 (42352,42838)
1 (3210,3341)
1 (8886,9237)
1 (4724,5073)
2 (181,387) (417,628)
1 (14825,15222)
1 (617,995)
1 (18618,18850)
1 (11491,11774)
1 (23117,23177)
1 (2441,2904)
2 (2133,2441) (4318,4446)
1 (11100,11168)
1 (47127,47617)
1 (6743,6870)
1 (46342,46752)
1 (9711,10062)
1 (42101,42418)
2 (19812,19970) (36279,36409)
1 (1543,1576)
1 (39168,39276)
2 (172,323) (628,701)
1 (29807,30021)
Case 91: Yes
1 (8962,9204)
1 (31992,32372)
1 (31083,31404)
1 (33052,33259)
1 (32597,32862)
1 (28369,28639)
1 (1716,2156)
1 (2445,2470)
1 (31501,31716)
1 (25172,25396)
1 (431,491)
1 (35629,36082)
1 (17579,17882)
1 (47693,48102)
1 (38308,38401)
1 (26499,26570)
1 (19118,19529)
1 (25124,25160)
1 (29871,30334)
1 (16651,17063)
1 (13794,13869)
1 (7259,7530)
1 (15538,15624)
1 (5489,5802)
1 (20663,20849)
1 (35571,36047)
1 (18807,19038)
1 (552,674)
1 (3870,4126)
1 (7309,7580)
1 (42451,42775)
1 (40223,40610)
1 (12895,13028)
1 (5520,5870)
1 (7073,7125)
1 (35304,35493)
1 (8190,8684)
1 (22264,22625)
1 (6952,6978)
1 (12282,12487)
1 (33472,33729)
1 (33319,33329)
1 (29749,30186)
1 (6629,6975)
1 (4473,4582)
1 (14423,14731)
1 (10088,10425)
1 (41210,41519)
1 (22998,23309)
1 (31551,31883)
1 (6378,6426)
1 (47035,47252)
2 (43006,43044) (45362,45820)
1 (20659,21049)
1 (46719,46856)
1 (3839,3894)
1 (36025,36078)
1 (47575,47818)
1 (35145,35578)
2 (48861,48920) (49404,49530)
2 (45362,45454) (45820,45920)
1 (12240,12320)
1 (7985,8251)
1 (27831,27988)
2 (6686,6952) (39686,39845)
1 (2616,2644)
1 (47518,47561)
1 (37079,37555)
Case 92: Yes
1 (6121,6150)
1 (36068,36435)
1 (15766,16226)
1 (34286,34342)
1 (409,464)
1 (87,194)
1 (25855,26174)
1 (7014,7100)
1 (30018,30405)
1 (41692,42039)
1 (12748,12847)
1 (41378,41591)
1 (32419,32851)
1 (937,1347)
1 (3043,3501)
1 (30783,31199)
1 (24958,25401)
1 (22793,22829)
1 (37080,37445)
1 (10389,10873)
1 (11642,11986)
1 (36540,36636)
1 (2823,2889)
2 (6807,6929) (38413,38452)
1 (46751,47160)
1 (38452,38838)
1 (38413,38538)
1 (35398,35430)
1 (14751,14771)
Case 93: Yes
1 (2853,3294)
1 (35462,35527)
1 (29582,29696)
1 (9208,9691)
1 (429,457)
1 (23,87)
1 (24262,24337)
1 (13528,13852)
1 (4066,4362)
1 (5240,5541)
1 (26294,26550)
1 (6583,6677)
1 (11999,12237)
1 (3299,3744)
1 (1428,1751)
1 (17322,17523)
1 (12424,12783)
1 (15138,15387)
1 (9043,9428)
1 (38496,38911)
1 (48227,48522)
2 (47276,47521) (49120,49222)
1 (43581,44010)
1 (42346,42752)
1 (21983,22311)
1 (14321,14741)
1 (2027,2135)
1 (36275,36332)
1 (47376,47411)
1 (35080,35455)
1 (10584,10675)
1 (2831,3066)
1 (42439,42646)
1 (1864,2163)
1 (19331,19477)
1 (7815,8107)
1 (8509,8740)
1 (9118,9140)
1 (45933,46038)
1 (18461,18879)
1 (2716,3208)
1 (33663,33977)
1 (38152,38518)
1 (19878,20176)
1 (17679,18140)
1 (8574,8947)
2 (47008,47276) (48685,48791)
1 (7662,8078)
1 (39875,39973)
1 (5821,6311)
2 (5576,5821) (44660,44724)
1 (46695,46834)
1 (32722,33080)
2 (47171,47410) (48685,48915)
1 (44959,45269)
1 (6278,6489)
1 (46027,46065)
1 (7686,7726)
1 (4666,5092)
1 (42030,42177)
1 (35407,35870)
1 (4271,4670)
1 (12887,13301)
1 (10268,10457)
1 (44815,44820)
1 (25975,26312)
1 (46959,47331)
1 (13832,14228)
1 (28907,29031)
Case 94: Yes
1 (2120,2176)
1 (23236,23533)
1 (31264,31359)
1 (19140,19574)
1 (21360,21686)
1 (37590,37779)
1 (3515,3635)
1 (1885,2243)
1 (29746,30132)
1 (4898,5219)
1 (33318,33692)
1 (4521,4778)
1 (10370,10818)
1 (1878,1989)
1 (39920,40172)
1 (12945,13104)
1 (74,403)
1 (42761,42963)
1 (3788,4016)
1 (37358,37663)
1 (36449,36786)
1 (21547,21931)
1 (20468,20510)
1 (29846,29987)
1 (18564,18712)
1 (42258,42729)
1 (16673,17110)
1 (26857,27117)
1 (31955,32034)
1 (13407,13766)
1 (12475,12723)
1 (9147,9548)
1 (34526,34988)
1 (6523,7007)
1 (4135,4433)
1 (11766,11795)
1 (9245,9456)
1 (38112,38581)
1 (2054,2413)
1 (5113,5203)
1 (4355,4791)
1 (19594,19898)
1 (18946,19314)
1 (9921,10010)
1 (24026,24065)
1 (48679,48812)
1 (5902,6099)
1 (1816,2143)
1 (35443,35582)
Case 95: Yes
1 (1461,1464)
1 (14383,14762)
1 (15740,16236)
1 (24511,24634)
1 (29649,29955)
1 (2154,2188)
1 (33340,33784)
1 (16805,17062)
2 (33276,33340) (37985,38285)
1 (43440,43702)
2 (21289,21425) (33173,33276)
1 (17930,18200)
2 (33173,33276) (35290,35464)
1 (4330,4561)
2 (42111,42448) (45731,45856)
1 (38306,38516)
1 (35961,36005)
1 (11284,11777)
1 (4971,5235)
1 (45856,45919)
1 (23554,23966)
1 (39460,39539)
1 (41822,42243)
1 (48668,48796)
1 (32844,33113)
1 (16793,17128)
1 (7038,7336)
1 (15339,15740)
1 (10423,10823)
1 (23973,24066)
1 (1924,2042)
1 (17093,17507)
1 (20033,20273)
1 (11769,12146)
1 (45731,46037)
1 (36119,36353)
1 (28285,28338)
1 (24440,24705)
1 (5405,5528)
1 (766,836)
1 (44244,44634)
1 (24285,24533)
1 (45231,45686)
1 (47848,48021)
1 (39106,39116)
1 (30771,30869)
1 (1612,1831)
1 (34765,34844)
1 (19350,19711)
1 (44731,45076)
1 (40083,40337)
1 (24744,24896)
1 (38382,38700)
1 (27385,27407)
Case 96: Yes
1 (16565,16941)
1 (9668,9861)
1 (33180,33236)
1 (26960,27332)
1 (9806,10211)
1 (25263,25736)
1 (5190,5467)
1 (46049,46389)
1 (39727,39791)
1 (6777,6880)
1 (43337,43643)
1 (29903,30298)
1 (22583,22893)
1 (3134,3605)
1 (609,1025)
1 (47501,47613)
1 (18588,18660)
1 (42591,42672)
1 (36524,36661)
1 (47219,47671)
1 (49063,49226)
1 (11284,11429)
1 (11275,11680)
1 (5613,5975)
1 (4356,4398)
1 (19894,20184)
1 (2621,2831)
1 (10454,10688)
1 (7356,7595)
1 (7508,7594)
1 (2408,2496)
1 (46877,47260)
1 (11204,11529)
1 (31784,32169)
1 (24646,25036)
1 (47611,48074)
1 (30907,31246)
1 (39118,39253)
1 (44795,45166)
1 (29029,29176)
1 (21075,21382)
1 (45880,46116)
1 (4230,4373)
1 (6223,6399)
1 (22211,22406)
1 (13578,14049)
1 (1727,2218)
1 (7511,7563)
1 (37490,37808)
1 (2299,2702)
1 (3521,3735)
Case 97: Yes
1 (29886,29959)
1 (9846,9926)
1 (15964,16371)
1 (17884,18041)
1 (26111,26325)
1 (30515,30682)
1 (2077,2278)
1 (13628,14119)
1 (7162,7389)
1 (4425,4746)
1 (4031,4048)
1 (28848,29017)
1 (14979,15216)
1 (8220,8388)
1 (35515,35924)
1 (28372,28526)
1 (8586,8902)
1 (13317,13762)
1 (30347,30576)
1 (7790,8157)
1 (44713,45143)
1 (10388,10502)
1 (19840,20169)
1 (46628,46670)
2 (30116,30515) (30576,30608)
1 (31247,31522)
1 (594,915)
1 (37133,37362)
1 (47244,47338)
1 (11938,12230)
1 (43138,43176)
1 (4291,4580)
1 (1806,1943)
1 (41225,41385)
1 (4224,4369)
1 (7205,7481)
1 (35580,35868)
1 (5746,5954)
1 (977,1032)
3 (763,977) (46921,46965) (49181,49316)
1 (46530,46573)
1 (23279,23679)
1 (45733,46098)
1 (21945,22219)
1 (38426,38833)
1 (10378,10587)
1 (17918,17997)
1 (915,1017)
1 (42910,43017)
1 (8664,8889)
1 (3347,3786)
1 (6689,6893)
1 (13762,13885)
1 (36734,36985)
1 (18796,18984)
1 (17026,17050)
1 (45397,45407)
1 (44151,44360)
1 (27820,28162)
1 (48035,48195)
1 (5654,6115)
1 (15378,15776)
1 (6180,6192)
1 (29281,29420)
1 (3787,4036)
1 (31915,32239)
1 (14145,14435)
2 (44401,44678) (46781,46970)
1 (23431,23810)
2 (348,763) (1017,1066)
1 (24018,24200)
1 (49316,49793)
1 (1549,1789)
1 (33096,33421)
1 (14440,14672)
1 (12978,12985)
2 (357,594) (1032,1101)
1 (7533,7765)
1 (3280,3691)
1 (5954,6110)
1 (43668,44087)
1 (47354,47361)
1 (1066,1173)
1 (1101,1549)
1 (13228,13260)
1 (15729,16101)
2 (1173,1511) (1549,1594)
1 (41141,41582)
2 (4422,4425) (4580,4796)
1 (26829,27279)
Case 98: Yes
1 (11655,11886)
1 (27629,27955)
1 (8562,8683)
2 (14099,14147) (41155,41423)
1 (4185,4588)
1 (41423,41679)
1 (16139,16480)
1 (13374,13683)
1 (16919,17356)
1 (8330,8354)
1 (23954,24372)
1 (45260,45465)
1 (1015,1374)
1 (47689,48094)
1 (14094,14350)
1 (46279,46515)
1 (39596,39698)
1 (46759,46794)
1 (47444,47466)
1 (39701,39755)
1 (11869,11880)
1 (10642,10847)
1 (3815,3947)
1 (38072,38221)
1 (14168,14187)
1 (12490,12518)
1 (22383,22821)
1 (23904,24137)
1 (2167,2540)
1 (8338,8439)
1 (48067,48104)
1 (4953,5168)
1 (2798,3114)
1 (45600,45771)
1 (29818,30106)
1 (955,1056)
1 (7892,8045)
1 (9925,9938)
2 (26197,26470) (27415,27527)
1 (14986,15040)
1 (14398,14606)
1 (44251,44613)
1 (14203,14281)
1 (8299,8455)
1 (1919,2200)
1 (3274,3403)
1 (38788,38943)
1 (9236,9310)
1 (19,70)
1 (7718,8104)
1 (2602,2922)
1 (30148,30337)
1 (14602,14725)
1 (3744,3993)
1 (1039,1368)
1 (39143,39234)
1 (17660,18070)
1 (7832,8315)
1 (12031,12483)
1 (24028,24256)
1 (47643,48128)
1 (9186,9459)
1 (320,407)
1 (7340,7686)
1 (537,920)
1 (39931,40070)
1 (20781,21133)
1 (21244,21358)
2 (45121,45368) (48343,48370)
1 (44993,45220)
1 (21141,21366)
1 (12203,12468)
1 (442,848)
1 (31673,31737)
1 (34990,35349)
1 (8191,8273)
1 (38953,39095)
1 (14174,14582)
1 (42357,42782)
Case 99: Yes
1 (1679,1969)
1 (37178,37610)
3 (1236,1383) (2150,2416) (2768,2790)
1 (2416,2430)
1 (44669,44865)
1 (47863,48027)
1 (22269,22620)
1 (31345,31572)
1 (43670,43825)
1 (45399,45609)
1 (5560,5774)
1 (9785,10269)
1 (39169,39338)
3 (36370,36434) (44396,44669) (44865,45024)
1 (32789,33110)
1 (4637,4653)
1 (16784,16856)
1 (317,370)
1 (14803,15132)
1 (20526,20807)
1 (11812,12143)
1 (18268,18494)
1 (2453,2729)
1 (4682,5148)
1 (10269,10636)
2 (18021,18268) (18494,18612)
1 (10636,11035)
2 (45024,45399) (45609,45623)
1 (35090,35355)
1 (45623,45909)
1 (28685,28860)
2 (11511,11812) (12143,12150)
1 (39934,40416)
1 (25971,26307)
1 (12150,12576)
1 (32313,32607)
1 (5148,5231)
1 (31572,31726)
1 (4100,4118)
1 (370,574)
1 (48816,48863)
1 (18612,18650)
1 (18896,19288)
1 (6077,6120)
1 (47224,47599)
3 (22263,22269) (22620,22844) (23611,23778)
2 (2729,2768) (2790,2881)
2 (5774,6077) (42576,42746)
1 (11035,11400)
1 (9463,9628)
2 (11400,11511) (12576,12879)
3 (45909,46142) (47177,47224) (47599,47600)
1 (13686,13879)
2 (47600,47863) (48027,48065)
3 (48804,48816) (48863,49138) (49595,49724)
1 (27421,27854)
1 (15811,16091)
1 (36463,36673)
1 (1969,2138)
1 (3149,3445)
1 (46142,46211)
2 (39883,39934) (40416,40530)
1 (7657,8012)
1 (6996,7169)
1 (574,589)
1 (41642,41893)
1 (30867,31265)
1 (41080,41479)
1 (33805,34148)
2 (31307,31345) (31726,31813)
2 (32680,32789) (33110,33185)
1 (37610,38064)
2 (7647,7657) (8012,8203)
1 (51,207)
2 (1154,1236) (1383,1679)
1 (7169,7539)
1 (5231,5528)
2 (207,317) (589,910)
1 (48304,48728)
1 (910,961)
1 (42832,42833)
1 (36673,36676)
3 (5528,5560) (6120,6280) (48065,48304)
1 (42140,42439)
1 (13269,13679)
1 (43392,43614)
4 (2,51) (961,1154) (2138,2150) (2430,2453)
3 (41893,42140) (42439,42576) (42746,42790)
1 (38064,38543)
1 (12879,12928)
1 (25435,25923)
1 (40814,41077)
Case 100: Yes
1 (40792,41110)
1 (11868,12028)
4 (6995,7091) (7226,7456) (8322,8409) (8545,8593)
3 (7456,7625) (7855,7866) (8409,8437)
1 (21685,22173)
2 (6821,6995) (7091,7226)
1 (598,826)
2 (7625,7855) (7866,8076)
1 (4467,4926)
1 (14254,14305)
2 (47399,47568) (48611,48659)
1 (26456,26473)
1 (48659,49123)
2 (11784,11868) (12028,12085)
1 (374,589)
1 (34636,34869)
1 (14487,14979)
1 (24576,25020)
1 (4926,5000)
1 (38021,38063)
1 (15379,15792)
1 (2990,3107)
1 (19297,19405)
1 (1056,1171)
1 (25854,25918)
1 (22434,22630)
1 (17320,17501)
2 (43183,43272) (46783,46825)
2 (8491,8545) (8593,8842)
1 (8076,8322)
1 (32726,32728)
1 (31822,32231)
1 (8437,8491)
1 (9659,10136)
2 (41305,41415) (46825,47119)
1 (2095,2260)
1 (38446,38755)
1 (5971,6021)
1 (42272,42580)
1 (30249,30476)
1 (39535,39592)
2 (47119,47399) (47568,47630)
